´úÂë,¼ò³Æ,ÈÕÆÚ,Ç°ÊÕÅÌ¼Û(Ôª),¿ªÅÌ¼Û(Ôª),×î¸ß¼Û(Ôª),×îµÍ¼Û(Ôª),ÊÕÅÌ¼Û(Ôª),³É½»Á¿(¹É),³É½»½ð¶î(Ôª),ÕÇµø(Ôª),ÕÇµø·ù(%),¾ù¼Û(Ôª),»»ÊÖÂÊ(%),A¹ÉÁ÷Í¨ÊÐÖµ(Ôª),B¹ÉÁ÷Í¨ÊÐÖµ(Ôª),×ÜÊÐÖµ(Ôª),A¹ÉÁ÷Í¨¹É±¾(¹É),B¹ÉÁ÷Í¨¹É±¾(¹É),×Ü¹É±¾(¹É),ÊÐÓ¯ÂÊ,ÊÐ¾»ÂÊ,ÊÐÏúÂÊ,ÊÐÏÖÂÊ,
600460.SH,Ê¿À¼Î¢,2003-03-11,N/A,1.3658,1.4514,1.3658,1.4385,14623537,302980731,N/A,N/A,20.7187,56.2444,550420000,N/A,2138593400,26000000,0,101020000,48.9696,12.9468,8.0718,189.237,
600460.SH,Ê¿À¼Î¢,2003-03-12,1.4385,1.4262,1.4595,1.4147,1.4555,5555644,117472883,0.017,1.1809,21.1448,21.3679,556920000,N/A,2163848400,26000000,0,101020000,49.5479,13.0997,8.1671,191.4717,
600460.SH,Ê¿À¼Î¢,2003-03-13,1.4555,1.4527,1.4534,1.4344,1.4419,2250939,47788053,-0.0136,-0.9337,21.2303,8.6575,551720000,N/A,2143644400,26000000,0,101020000,49.0853,12.9774,8.0908,189.6839,
600460.SH,Ê¿À¼Î¢,2003-03-14,1.4419,1.4419,1.4514,1.4004,1.4018,2397981,50118615,-0.0401,-2.7804,20.9003,9.223,536380000,N/A,2084042600,26000000,0,101020000,47.7205,12.6166,7.8659,184.41,
600460.SH,Ê¿À¼Î¢,2003-03-17,1.4018,1.3984,1.4133,1.3902,1.4052,1507800,31097628,0.0034,0.2424,20.6245,5.7992,537680000,N/A,2089093600,26000000,0,101020000,47.8362,12.6471,7.8849,184.8569,
600460.SH,Ê¿À¼Î¢,2003-03-18,1.4052,1.4065,1.4378,1.4011,1.4025,1214614,25299131,-0.0027,-0.1934,20.8289,4.6716,536640000,N/A,2085052800,26000000,0,101020000,47.7436,12.6227,7.8697,184.4994,
600460.SH,Ê¿À¼Î¢,2003-03-19,1.4025,1.3936,1.4031,1.3488,1.3542,2529213,50931177,-0.0482,-3.4399,20.1372,9.7277,518180000,N/A,2013328600,26000000,0,101020000,46.1013,12.1885,7.599,178.1527,
600460.SH,Ê¿À¼Î¢,2003-03-20,1.3542,1.3508,1.3658,1.3366,1.3454,1196700,23679158,-0.0088,-0.6523,19.787,4.6027,514800000,N/A,2000196000,26000000,0,101020000,45.8006,12.109,7.5494,176.9907,
600460.SH,Ê¿À¼Î¢,2003-03-21,1.3454,1.2965,1.3794,1.2965,1.3637,928113,18660504,0.0183,1.3636,20.1059,3.5697,521820000,N/A,2027471400,26000000,0,101020000,46.4251,12.2741,7.6523,179.4042,
600460.SH,Ê¿À¼Î¢,2003-03-24,1.3637,1.3624,1.3644,1.3264,1.3372,705817,13924564,-0.0265,-1.9432,19.7283,2.7147,511680000,N/A,1988073600,26000000,0,101020000,45.523,12.0356,7.5036,175.918,
600460.SH,Ê¿À¼Î¢,2003-03-25,1.3372,1.3366,1.3399,1.3033,1.308,955641,18512150,-0.0292,-2.185,19.3714,3.6755,500500000,N/A,1944635000,26000000,0,101020000,44.5283,11.7726,7.3397,172.0742,
600460.SH,Ê¿À¼Î¢,2003-03-26,1.308,1.3046,1.3196,1.3019,1.3053,698868,13451206,-0.0027,-0.2078,19.2471,2.688,499460000,N/A,1940594200,26000000,0,101020000,44.4358,11.7481,7.3244,171.7167,
600460.SH,Ê¿À¼Î¢,2003-03-27,1.3053,1.291,1.3834,1.2829,1.3637,1639386,32209750,0.0584,4.4768,19.6474,6.3053,521820000,N/A,2027471400,26000000,0,101020000,46.4251,12.2741,7.6523,179.4042,
600460.SH,Ê¿À¼Î¢,2003-03-28,1.3637,1.3576,1.3658,1.3182,1.3196,902502,17782043,-0.0442,-3.2387,19.7031,3.4712,504920000,N/A,1961808400,26000000,0,101020000,44.9216,11.8766,7.4045,173.5939,
600460.SH,Ê¿À¼Î¢,2003-03-31,1.3196,1.3121,1.3488,1.3121,1.3352,574666,11280823,0.0156,1.1843,19.6302,2.2103,510900000,N/A,1985043000,26000000,0,101020000,45.4536,12.0172,7.4922,175.6498,
600460.SH,Ê¿À¼Î¢,2003-04-01,1.3352,1.3359,1.3726,1.3359,1.359,848604,16897147,0.0238,1.7812,19.9117,3.2639,520000000,N/A,2020400000,26000000,0,101020000,46.2632,12.2313,7.6257,178.7784,
600460.SH,Ê¿À¼Î¢,2003-04-02,1.359,1.3644,1.3814,1.3508,1.3597,547309,10969121,0.0007,0.05,20.0419,2.105,520260000,N/A,2021410200,26000000,0,101020000,46.2863,12.2374,7.6295,178.8678,
600460.SH,Ê¿À¼Î¢,2003-04-03,1.3597,1.3658,1.3705,1.3515,1.3569,392032,7827313,-0.0027,-0.1999,19.966,1.5078,519220000,N/A,2017369400,26000000,0,101020000,46.1938,12.2129,7.6142,178.5103,
600460.SH,Ê¿À¼Î¢,2003-04-04,1.3569,1.3542,1.3685,1.3467,1.3522,402473,8027762,-0.0048,-0.3505,19.9461,1.548,517400000,N/A,2010298000,26000000,0,101020000,46.0319,12.1701,7.5875,177.8846,
600460.SH,Ê¿À¼Î¢,2003-04-07,1.3522,1.3522,1.359,1.3114,1.3155,526455,10317380,-0.0367,-2.7136,19.5978,2.0248,503360000,N/A,1955747200,26000000,0,101020000,44.7828,11.8399,7.3816,173.0575,
600460.SH,Ê¿À¼Î¢,2003-04-08,1.3155,1.308,1.3379,1.308,1.3148,384830,7460236,-0.0007,-0.0517,19.3858,1.4801,503100000,N/A,1954737000,26000000,0,101020000,44.7597,11.8338,7.3778,172.9682,
600460.SH,Ê¿À¼Î¢,2003-04-09,1.3148,1.3168,1.3515,1.306,1.3474,901651,17630762,0.0326,2.4806,19.5539,3.4679,515580000,N/A,2003226600,26000000,0,101020000,45.87,12.1273,7.5608,177.2588,
600460.SH,Ê¿À¼Î¢,2003-04-10,1.3474,1.3454,1.3474,1.3175,1.3318,645167,12590264,-0.0156,-1.1599,19.5147,2.4814,509600000,N/A,1979992000,26000000,0,101020000,45.3379,11.9867,7.4731,175.2029,
600460.SH,Ê¿À¼Î¢,2003-04-11,1.3318,1.3386,1.3447,1.3216,1.3393,782129,15325103,0.0075,0.5612,19.5941,3.0082,512460000,N/A,1991104200,26000000,0,101020000,45.5924,12.0539,7.5151,176.1862,
600460.SH,Ê¿À¼Î¢,2003-04-14,1.3393,1.342,1.395,1.3399,1.3597,780070,15694464,0.0204,1.5221,20.1193,3.0003,520260000,N/A,2021410200,26000000,0,101020000,46.2863,12.2374,7.6295,178.8678,
600460.SH,Ê¿À¼Î¢,2003-04-15,1.3597,1.376,1.4059,1.3671,1.3929,1564091,31985509,0.0333,2.4488,20.4499,6.0157,533000000,N/A,2070910000,26000000,0,101020000,47.4198,12.5371,7.8163,183.2479,
600460.SH,Ê¿À¼Î¢,2003-04-16,1.3929,1.3923,1.4038,1.3529,1.3617,1167707,23480859,-0.0313,-2.2439,20.1085,4.4912,521040000,N/A,2024440800,26000000,0,101020000,46.3557,12.2557,7.6409,179.136,
600460.SH,Ê¿À¼Î¢,2003-04-17,1.3617,1.3644,1.3726,1.3454,1.3644,654867,13077236,0.0027,0.1996,19.9693,2.5187,522080000,N/A,2028481600,26000000,0,101020000,46.4483,12.2802,7.6562,179.4936,
600460.SH,Ê¿À¼Î¢,2003-04-18,1.3644,1.3644,1.3644,1.3454,1.3488,369619,7346983,-0.0156,-1.1454,19.8772,1.4216,516100000,N/A,2005247000,26000000,0,101020000,45.9162,12.1395,7.5685,177.4376,
600460.SH,Ê¿À¼Î¢,2003-04-21,1.3488,1.3481,1.3488,1.3114,1.3196,498209,9717303,-0.0292,-2.1662,19.5045,1.9162,504920000,N/A,1961808400,26000000,0,101020000,44.9216,11.8766,7.4045,173.5939,
600460.SH,Ê¿À¼Î¢,2003-04-22,1.3196,1.325,1.3277,1.2937,1.3073,555338,10669946,-0.0122,-0.9269,19.2134,2.1359,500240000,N/A,1943624800,26000000,0,101020000,44.5052,11.7665,7.3359,171.9849,
600460.SH,Ê¿À¼Î¢,2003-04-23,1.3073,1.3073,1.308,1.2795,1.2802,585305,11104495,-0.0272,-2.079,18.9722,2.2512,489840000,N/A,1903216800,26000000,0,101020000,43.5799,11.5219,7.1834,168.4093,
600460.SH,Ê¿À¼Î¢,2003-04-24,1.2802,1.2095,1.2571,1.1857,1.1864,1250417,22292273,-0.0938,-7.3248,17.8279,4.8093,453960000,N/A,1763809200,26000000,0,101020000,40.3878,10.6779,6.6572,156.0736,
600460.SH,Ê¿À¼Î¢,2003-04-25,1.1864,1.1551,1.1945,1.1551,1.1762,588321,10151887,-0.0102,-0.8591,17.2557,2.2628,450060000,N/A,1748656200,26000000,0,101020000,40.0408,10.5862,6.6,154.7327,
600460.SH,Ê¿À¼Î¢,2003-04-28,1.1762,1.1687,1.1742,1.1388,1.1612,606401,10332491,-0.0149,-1.2709,17.039,2.3323,444340000,N/A,1726431800,26000000,0,101020000,39.5319,10.4516,6.5161,152.7662,
600460.SH,Ê¿À¼Î¢,2003-04-29,1.1612,1.1619,1.164,1.1293,1.1436,533084,8954932,-0.0177,-1.5214,16.7984,2.0503,437580000,N/A,1700166600,26000000,0,101020000,38.9305,10.2926,6.417,150.4421,
600460.SH,Ê¿À¼Î¢,2003-04-30,1.1436,1.1415,1.2095,1.1334,1.1823,501351,8622916,0.0387,3.3868,17.1994,1.9283,452400000,N/A,1757748000,26000000,0,101020000,40.249,10.6412,6.6343,155.5372,
600460.SH,Ê¿À¼Î¢,2003-05-12,1.1823,1.1823,1.1823,1.1823,1.1823,N/A,N/A,0,0,N/A,N/A,452400000,N/A,1757748000,26000000,0,101020000,40.249,10.6412,6.6343,155.5372,
600460.SH,Ê¿À¼Î¢,2003-05-13,1.1823,1.1823,1.1857,1.1076,1.1327,589158,9854339,-0.0496,-4.1954,16.7261,2.266,433420000,N/A,1684003400,26000000,0,101020000,38.5604,10.1948,6.356,149.0118,
600460.SH,Ê¿À¼Î¢,2003-05-14,1.1327,1.1279,1.1544,1.1178,1.1463,217717,3643102,0.0136,1.1998,16.7332,0.8374,438620000,N/A,1704207400,26000000,0,101020000,39.023,10.3171,6.4322,150.7996,
600460.SH,Ê¿À¼Î¢,2003-05-15,1.1463,1.1347,1.2231,1.1266,1.2136,826900,14523213,0.0673,5.8684,17.5634,3.1804,464360000,N/A,1804217200,26000000,0,101020000,41.313,10.9225,6.8097,159.6492,
600460.SH,Ê¿À¼Î¢,2003-05-16,1.2136,1.2061,1.2217,1.1769,1.1932,253487,4471524,-0.0204,-1.6797,17.6401,0.9749,456560000,N/A,1773911200,26000000,0,101020000,40.6191,10.7391,6.6953,156.9675,
600460.SH,Ê¿À¼Î¢,2003-05-19,1.1932,1.1993,1.2197,1.1959,1.2061,324451,5757745,0.0129,1.082,17.7461,1.2479,461500000,N/A,1793105000,26000000,0,101020000,41.0586,10.8553,6.7678,158.6659,
600460.SH,Ê¿À¼Î¢,2003-05-20,1.2061,1.2054,1.2054,1.166,1.1674,303100,5260349,-0.0387,-3.2113,17.3552,1.1658,446680000,N/A,1735523600,26000000,0,101020000,39.7401,10.5067,6.5504,153.5707,
600460.SH,Ê¿À¼Î¢,2003-05-21,1.1674,1.1721,1.1877,1.1694,1.1789,106371,1843366,0.0116,0.9895,17.3296,0.4091,451100000,N/A,1752697000,26000000,0,101020000,40.1333,10.6106,6.6153,155.0903,
600460.SH,Ê¿À¼Î¢,2003-05-22,1.1789,1.1748,1.1789,1.1551,1.1762,366570,6331593,-0.0027,-0.2305,17.2725,1.4099,450060000,N/A,1748656200,26000000,0,101020000,40.0408,10.5862,6.6,154.7327,
600460.SH,Ê¿À¼Î¢,2003-05-23,1.1762,1.1755,1.2027,1.1755,1.1782,244833,4260357,0.002,0.1733,17.4011,0.9417,450840000,N/A,1751686800,26000000,0,101020000,40.1102,10.6045,6.6114,155.0009,
600460.SH,Ê¿À¼Î¢,2003-05-26,1.1782,1.1891,1.1891,1.1619,1.1762,342019,5895126,-0.002,-0.173,17.2363,1.3155,450060000,N/A,1748656200,26000000,0,101020000,40.0408,10.5862,6.6,154.7327,
600460.SH,Ê¿À¼Î¢,2003-05-27,1.1762,1.2013,1.2013,1.1653,1.1823,477674,8235841,0.0061,0.5199,17.2416,1.8372,452400000,N/A,1757748000,26000000,0,101020000,40.249,10.6412,6.6343,155.5372,
600460.SH,Ê¿À¼Î¢,2003-05-28,1.1823,1.1809,1.1877,1.1701,1.1789,197445,3431606,-0.0034,-0.2874,17.3801,0.7594,451100000,N/A,1752697000,26000000,0,101020000,40.1333,10.6106,6.6153,155.0903,
600460.SH,Ê¿À¼Î¢,2003-05-29,1.1789,1.1809,1.2183,1.1789,1.2081,391406,6946080,0.0292,2.4784,17.7465,1.5054,462280000,N/A,1796135600,26000000,0,101020000,41.128,10.8736,6.7792,158.934,
600460.SH,Ê¿À¼Î¢,2003-05-30,1.2081,1.2149,1.2319,1.2149,1.2258,457103,8241813,0.0177,1.4623,18.0305,1.7581,469040000,N/A,1822400800,26000000,0,101020000,41.7294,11.0326,6.8783,161.2582,
600460.SH,Ê¿À¼Î¢,2003-06-02,1.2258,1.2299,1.2632,1.2299,1.2503,536424,9846477,0.0245,1.9956,18.3558,2.0632,478400000,N/A,1858768000,26000000,0,101020000,42.5622,11.2528,7.0156,164.4762,
600460.SH,Ê¿À¼Î¢,2003-06-03,1.2503,1.2537,1.2591,1.2197,1.221,398758,7283147,-0.0292,-2.337,18.2646,1.5337,467220000,N/A,1815329400,26000000,0,101020000,41.5675,10.9898,6.8516,160.6324,
600460.SH,Ê¿À¼Î¢,2003-06-04,1.221,1.2197,1.2537,1.2183,1.2394,532486,9685331,0.0183,1.5025,18.1889,2.048,474240000,N/A,1842604800,26000000,0,101020000,42.1921,11.1549,6.9546,163.0459,
600460.SH,Ê¿À¼Î¢,2003-06-05,1.2394,1.2435,1.2523,1.2367,1.2373,387043,7075335,-0.002,-0.1645,18.2805,1.4886,473460000,N/A,1839574200,26000000,0,101020000,42.1227,11.1366,6.9432,162.7778,
600460.SH,Ê¿À¼Î¢,2003-06-06,1.2373,1.2238,1.2523,1.2238,1.2353,283498,5173366,-0.002,-0.1647,18.2483,1.0904,472680000,N/A,1836543600,26000000,0,101020000,42.0533,11.1182,6.9317,162.5096,
600460.SH,Ê¿À¼Î¢,2003-06-09,1.2353,1.2251,1.2312,1.2183,1.2231,144001,2592595,-0.0122,-0.9901,18.004,0.5538,468000000,N/A,1818360000,26000000,0,101020000,41.6369,11.0081,6.8631,160.9006,
600460.SH,Ê¿À¼Î¢,2003-06-10,1.2231,1.2217,1.2401,1.2217,1.238,106070,1923582,0.0149,1.2222,18.135,0.408,473720000,N/A,1840584400,26000000,0,101020000,42.1458,11.1427,6.947,162.8672,
600460.SH,Ê¿À¼Î¢,2003-06-11,1.238,1.2339,1.2509,1.2238,1.2496,118690,2175396,0.0116,0.933,18.3284,0.4565,478140000,N/A,1857757800,26000000,0,101020000,42.539,11.2467,7.0118,164.3868,
600460.SH,Ê¿À¼Î¢,2003-06-12,1.2496,1.2469,1.2679,1.2353,1.2659,286956,5301838,0.0163,1.3051,18.4761,1.1037,484380000,N/A,1882002600,26000000,0,101020000,43.0942,11.3934,7.1033,166.5321,
600460.SH,Ê¿À¼Î¢,2003-06-13,1.2659,1.2672,1.3923,1.2672,1.2774,804322,15498265,0.0116,0.9125,19.2687,3.0935,488800000,N/A,1899176000,26000000,0,101020000,43.4874,11.4974,7.1681,168.0517,
600460.SH,Ê¿À¼Î¢,2003-06-16,1.2774,1.2849,1.2965,1.2666,1.27,279489,5243319,-0.0075,-0.5851,18.7604,1.075,485940000,N/A,1888063800,26000000,0,101020000,43.233,11.4301,7.1262,167.0685,
600460.SH,Ê¿À¼Î¢,2003-06-17,1.27,1.2836,1.2836,1.2672,1.274,88627,1657754,0.0041,0.321,18.7048,0.3409,487500000,N/A,1894125000,26000000,0,101020000,43.3718,11.4668,7.149,167.6048,
600460.SH,Ê¿À¼Î¢,2003-06-18,1.274,1.2768,1.2774,1.2496,1.2503,151600,2819206,-0.0238,-1.8667,18.5963,0.5831,478400000,N/A,1858768000,26000000,0,101020000,42.5622,11.2528,7.0156,164.4762,
600460.SH,Ê¿À¼Î¢,2003-06-19,1.2503,1.2435,1.2523,1.2265,1.2509,192336,3499808,0.0007,0.0543,18.1963,0.7398,478660000,N/A,1859778200,26000000,0,101020000,42.5853,11.2589,7.0194,164.5656,
600460.SH,Ê¿À¼Î¢,2003-06-20,1.2509,1.2503,1.2523,1.2285,1.2292,140151,2558042,-0.0217,-1.7382,18.252,0.539,470340000,N/A,1827451800,26000000,0,101020000,41.8451,11.0632,6.8974,161.7051,
600460.SH,Ê¿À¼Î¢,2003-06-23,1.2292,1.2285,1.2333,1.2231,1.2265,227159,4105509,-0.0027,-0.2211,18.0733,0.8737,469300000,N/A,1823411000,26000000,0,101020000,41.7525,11.0387,6.8822,161.3475,
600460.SH,Ê¿À¼Î¢,2003-06-24,1.2265,1.2265,1.2285,1.202,1.2074,146970,2631990,-0.019,-1.5512,17.9083,0.5653,462020000,N/A,1795125400,26000000,0,101020000,41.1049,10.8675,6.7754,158.8447,
600460.SH,Ê¿À¼Î¢,2003-06-25,1.2074,1.2095,1.2224,1.1918,1.2027,70563,1248538,-0.0048,-0.3939,17.6939,0.2714,460200000,N/A,1788054000,26000000,0,101020000,40.9429,10.8247,6.7487,158.2189,
600460.SH,Ê¿À¼Î¢,2003-06-26,1.2027,1.1905,1.2088,1.1891,1.1973,120705,2122571,-0.0054,-0.452,17.5848,0.4642,458120000,N/A,1779972400,26000000,0,101020000,40.7579,10.7758,6.7182,157.5038,
600460.SH,Ê¿À¼Î¢,2003-06-27,1.1973,1.1925,1.2142,1.1619,1.2027,195027,3395752,0.0054,0.454,17.4117,0.7501,460200000,N/A,1788054000,26000000,0,101020000,40.9429,10.8247,6.7487,158.2189,
600460.SH,Ê¿À¼Î¢,2003-06-30,1.2027,1.1857,1.1864,1.1687,1.1735,33400,578112,-0.0292,-2.4294,17.3087,0.1285,449020000,N/A,1744615400,26000000,0,101020000,39.9483,10.5617,6.5848,154.3752,
600460.SH,Ê¿À¼Î¢,2003-07-01,1.1735,1.1687,1.1708,1.1572,1.1626,158900,2725056,-0.0109,-0.9265,17.1495,0.6112,444860000,N/A,1728452200,26000000,0,101020000,39.5782,10.4639,6.5237,152.945,
600460.SH,Ê¿À¼Î¢,2003-07-02,1.1626,1.1606,1.1816,1.1558,1.1742,113500,1948972,0.0116,0.9936,17.1716,0.4365,449280000,N/A,1745625600,26000000,0,101020000,39.9714,10.5678,6.5886,154.4646,
600460.SH,Ê¿À¼Î¢,2003-07-03,1.1742,1.1823,1.1823,1.1667,1.1701,43605,754446,-0.0041,-0.3472,17.3018,0.1677,447720000,N/A,1739564400,26000000,0,101020000,39.8326,10.5311,6.5657,153.9282,
600460.SH,Ê¿À¼Î¢,2003-07-04,1.1701,1.1809,1.1816,1.1701,1.1721,19605,338762,0.002,0.1742,17.2794,0.0754,448500000,N/A,1742595000,26000000,0,101020000,39.902,10.5495,6.5771,154.1964,
600460.SH,Ê¿À¼Î¢,2003-07-07,1.1721,1.1619,1.168,1.1551,1.166,65100,1110289,-0.0061,-0.5217,17.0551,0.2504,446160000,N/A,1733503200,26000000,0,101020000,39.6938,10.4944,6.5428,153.3919,
600460.SH,Ê¿À¼Î¢,2003-07-08,1.166,1.1592,1.1959,1.1592,1.1823,63919,1114525,0.0163,1.3986,17.4365,0.2458,452400000,N/A,1757748000,26000000,0,101020000,40.249,10.6412,6.6343,155.5372,
600460.SH,Ê¿À¼Î¢,2003-07-09,1.1823,1.1823,1.1857,1.1694,1.1843,28720,498799,0.002,0.1724,17.3677,0.1105,453180000,N/A,1760778600,26000000,0,101020000,40.3184,10.6596,6.6458,155.8054,
600460.SH,Ê¿À¼Î¢,2003-07-10,1.1843,1.1823,1.1959,1.1701,1.1952,110707,1933909,0.0109,0.918,17.4687,0.4258,457340000,N/A,1776941800,26000000,0,101020000,40.6885,10.7574,6.7068,157.2356,
600460.SH,Ê¿À¼Î¢,2003-07-11,1.1952,1.1952,1.2088,1.1674,1.1721,106910,1849742,-0.0231,-1.9329,17.3019,0.4112,448500000,N/A,1742595000,26000000,0,101020000,39.902,10.5495,6.5771,154.1964,
600460.SH,Ê¿À¼Î¢,2003-07-14,1.1721,1.1667,1.1735,1.147,1.1592,253207,4306448,-0.0129,-1.1014,17.0076,0.9739,443560000,N/A,1723401200,26000000,0,101020000,39.4625,10.4333,6.5047,152.498,
600460.SH,Ê¿À¼Î¢,2003-07-15,1.1592,1.1551,1.1653,1.1273,1.147,217187,3639001,-0.0122,-1.0551,16.7552,0.8353,438880000,N/A,1705217600,26000000,0,101020000,39.0462,10.3232,6.4361,150.889,
600460.SH,Ê¿À¼Î¢,2003-07-16,1.147,1.1381,1.1483,1.1347,1.1402,88174,1480635,-0.0068,-0.5924,16.7922,0.3391,436280000,N/A,1695115600,26000000,0,101020000,38.8148,10.262,6.3979,149.9951,
600460.SH,Ê¿À¼Î¢,2003-07-17,1.1402,1.1354,1.1449,1.1313,1.1381,121377,2031094,-0.002,-0.1788,16.7338,0.4668,435500000,N/A,1692085000,26000000,0,101020000,38.7454,10.2437,6.3865,149.7269,
600460.SH,Ê¿À¼Î¢,2003-07-18,1.1381,1.1381,1.1381,1.0838,1.0872,905860,14630349,-0.051,-4.4776,16.1508,3.4841,416000000,N/A,1616320000,26000000,0,101020000,37.0106,9.785,6.1005,143.0228,
600460.SH,Ê¿À¼Î¢,2003-07-21,1.0872,1.0736,1.1184,1.0736,1.1082,319325,5115381,0.0211,1.9375,16.0194,1.2282,424060000,N/A,1647636200,26000000,0,101020000,37.7277,9.9746,6.2187,145.7938,
600460.SH,Ê¿À¼Î¢,2003-07-22,1.1082,1.1082,1.1551,1.0845,1.094,245000,3978145,-0.0143,-1.2876,16.2373,0.9423,418600000,N/A,1626422000,26000000,0,101020000,37.2419,9.8462,6.1387,143.9167,
600460.SH,Ê¿À¼Î¢,2003-07-23,1.094,1.094,1.094,1.0858,1.094,385691,6174138,0,0,16.008,1.4834,418600000,N/A,1626422000,26000000,0,101020000,37.2419,9.8462,6.1387,143.9167,
600460.SH,Ê¿À¼Î¢,2003-07-24,1.094,1.094,1.1042,1.0831,1.0933,90969,1464698,-0.0007,-0.0621,16.1011,0.3499,418340000,N/A,1625411800,26000000,0,101020000,37.2188,9.8401,6.1348,143.8273,
600460.SH,Ê¿À¼Î¢,2003-07-25,1.0933,1.0899,1.1008,1.0668,1.0736,216300,3445886,-0.0197,-1.8024,15.931,0.8319,410800000,N/A,1596116000,26000000,0,101020000,36.5479,9.6627,6.0243,141.235,
600460.SH,Ê¿À¼Î¢,2003-07-28,1.0736,1.0736,1.0736,1.0498,1.0532,206836,3215857,-0.0204,-1.8987,15.5479,0.7955,403000000,N/A,1565810000,26000000,0,101020000,35.854,9.4792,5.9099,138.5533,
600460.SH,Ê¿À¼Î¢,2003-07-29,1.0532,1.0512,1.0552,1.0498,1.0532,229283,3554529,0,0,15.5028,0.8819,403000000,N/A,1565810000,26000000,0,101020000,35.854,9.4792,5.9099,138.5533,
600460.SH,Ê¿À¼Î¢,2003-07-30,1.0532,1.0736,1.0865,1.0627,1.0736,488034,7702433,0.0204,1.9355,15.7826,1.8771,410800000,N/A,1596116000,26000000,0,101020000,36.5479,9.6627,6.0243,141.235,
600460.SH,Ê¿À¼Î¢,2003-07-31,1.0736,1.0749,1.0858,1.0682,1.0845,251192,3984918,0.0109,1.0127,15.864,0.9661,414960000,N/A,1612279200,26000000,0,101020000,36.918,9.7606,6.0853,142.6652,
600460.SH,Ê¿À¼Î¢,2003-08-01,1.0845,1.0804,1.0994,1.0736,1.0981,160417,2573485,0.0136,1.2531,16.0425,0.617,420160000,N/A,1632483200,26000000,0,101020000,37.3807,9.8829,6.1615,144.453,
600460.SH,Ê¿À¼Î¢,2003-08-04,1.0981,1.0974,1.113,1.0913,1.1103,199619,3253406,0.0122,1.1139,16.2981,0.7678,424840000,N/A,1650666800,26000000,0,101020000,37.797,9.993,6.2302,146.062,
600460.SH,Ê¿À¼Î¢,2003-08-05,1.1103,1.1042,1.1313,1.0994,1.1008,145299,2379277,-0.0095,-0.8568,16.375,0.5588,421200000,N/A,1636524000,26000000,0,101020000,37.4732,9.9073,6.1768,144.8105,
600460.SH,Ê¿À¼Î¢,2003-08-06,1.1008,1.1008,1.1137,1.0899,1.0919,109940,1769601,-0.0088,-0.8025,16.0961,0.4228,417820000,N/A,1623391400,26000000,0,101020000,37.1725,9.8278,6.1272,143.6485,
600460.SH,Ê¿À¼Î¢,2003-08-07,1.0919,1.0879,1.1076,1.0872,1.0879,43092,693549,-0.0041,-0.3734,16.0946,0.1657,416260000,N/A,1617330200,26000000,0,101020000,37.0337,9.7911,6.1043,143.1122,
600460.SH,Ê¿À¼Î¢,2003-08-08,1.0879,1.0879,1.1055,1.0845,1.0913,72744,1164445,0.0034,0.3123,16.0074,0.2798,417560000,N/A,1622381200,26000000,0,101020000,37.1494,9.8217,6.1234,143.5591,
600460.SH,Ê¿À¼Î¢,2003-08-11,1.0913,1.0885,1.1116,1.0838,1.1096,92431,1495483,0.0183,1.6812,16.1795,0.3555,424580000,N/A,1649656600,26000000,0,101020000,37.7739,9.9868,6.2263,145.9726,
600460.SH,Ê¿À¼Î¢,2003-08-12,1.1096,1.115,1.1246,1.111,1.1225,165870,2729222,0.0129,1.1635,16.454,0.638,429520000,N/A,1668850400,26000000,0,101020000,38.2134,10.103,6.2988,147.671,
600460.SH,Ê¿À¼Î¢,2003-08-13,1.1225,1.1123,1.1279,1.1076,1.1137,84571,1389030,-0.0088,-0.7869,16.4244,0.3253,426140000,N/A,1655717800,26000000,0,101020000,37.9127,10.0235,6.2492,146.5089,
600460.SH,Ê¿À¼Î¢,2003-08-14,1.1137,1.111,1.1313,1.1042,1.111,185295,3040926,-0.0027,-0.2441,16.4113,0.7127,425100000,N/A,1651677000,26000000,0,101020000,37.8202,9.9991,6.234,146.1514,
600460.SH,Ê¿À¼Î¢,2003-08-15,1.111,1.1076,1.1178,1.1076,1.1137,65548,1072703,0.0027,0.2446,16.3652,0.2521,426140000,N/A,1655717800,26000000,0,101020000,37.9127,10.0235,6.2492,146.5089,
600460.SH,Ê¿À¼Î¢,2003-08-18,1.1137,1.1055,1.1178,1.1055,1.1096,51300,839280,-0.0041,-0.3661,16.3602,0.1973,424580000,N/A,1649656600,26000000,0,101020000,37.7739,9.9868,6.2263,145.9726,
600460.SH,Ê¿À¼Î¢,2003-08-19,1.1096,1.1096,1.1286,1.1096,1.1252,108633,1794795,0.0156,1.4085,16.5216,0.4178,430560000,N/A,1672891200,26000000,0,101020000,38.3059,10.1275,6.314,148.0285,
600460.SH,Ê¿À¼Î¢,2003-08-20,1.1252,1.1252,1.1395,1.111,1.1347,218002,3622239,0.0095,0.8454,16.6156,0.8385,434200000,N/A,1687034000,26000000,0,101020000,38.6298,10.2131,6.3674,149.28,
600460.SH,Ê¿À¼Î¢,2003-08-21,1.1347,1.1347,1.1497,1.1313,1.1477,195807,3294505,0.0129,1.1377,16.8253,0.7531,439140000,N/A,1706227800,26000000,0,101020000,39.0693,10.3293,6.4399,150.9784,
600460.SH,Ê¿À¼Î¢,2003-08-22,1.1477,1.1415,1.1477,1.1354,1.1436,116999,1966225,-0.0041,-0.3552,16.8055,0.45,437580000,N/A,1700166600,26000000,0,101020000,38.9305,10.2926,6.417,150.4421,
600460.SH,Ê¿À¼Î¢,2003-08-25,1.1436,1.1246,1.1415,1.0974,1.1178,141568,2327352,-0.0258,-2.2579,16.4398,0.5445,427700000,N/A,1661779000,26000000,0,101020000,38.0515,10.0602,6.2721,147.0453,
600460.SH,Ê¿À¼Î¢,2003-08-26,1.1178,1.1137,1.1212,1.1014,1.1171,69649,1143578,-0.0007,-0.0608,16.4192,0.2679,427440000,N/A,1660768800,26000000,0,101020000,38.0284,10.0541,6.2683,146.9559,
600460.SH,Ê¿À¼Î¢,2003-08-27,1.1171,1.1144,1.1232,1.1055,1.1205,120240,1977820,0.0034,0.3041,16.4489,0.4625,428740000,N/A,1665819800,26000000,0,101020000,38.144,10.0847,6.2874,147.4028,
600460.SH,Ê¿À¼Î¢,2003-08-28,1.1205,1.1307,1.1307,1.0906,1.0919,113050,1840200,-0.0285,-2.547,16.2778,0.4348,417820000,N/A,1623391400,26000000,0,101020000,37.1725,9.8278,6.1272,143.6485,
600460.SH,Ê¿À¼Î¢,2003-08-29,1.0919,1.0879,1.1157,1.0879,1.1096,131221,2119343,0.0177,1.6179,16.1509,0.5047,424580000,N/A,1649656600,26000000,0,101020000,37.7739,9.9868,6.2263,145.9726,
600460.SH,Ê¿À¼Î¢,2003-09-01,1.1096,1.1008,1.1477,1.1008,1.1361,229518,3821858,0.0265,2.3882,16.6517,0.8828,434720000,N/A,1689054400,26000000,0,101020000,38.676,10.2253,6.375,149.4588,
600460.SH,Ê¿À¼Î¢,2003-09-02,1.1361,1.1361,1.1674,1.1361,1.1422,305491,5190800,0.0061,0.5383,16.9917,1.175,437060000,N/A,1698146200,26000000,0,101020000,38.8842,10.2804,6.4094,150.2633,
600460.SH,Ê¿À¼Î¢,2003-09-03,1.1422,1.1089,1.1449,1.1089,1.1279,95902,1597417,-0.0143,-1.2493,16.6568,0.3689,431600000,N/A,1676932000,26000000,0,101020000,38.3985,10.152,6.3293,148.3861,
600460.SH,Ê¿À¼Î¢,2003-09-04,1.1279,1.1313,1.1477,1.1218,1.1334,165092,2769969,0.0054,0.4819,16.7783,0.635,433680000,N/A,1685013600,26000000,0,101020000,38.5835,10.2009,6.3598,149.1012,
600460.SH,Ê¿À¼Î¢,2003-09-05,1.1334,1.1436,1.1436,1.1232,1.1307,190819,3171921,-0.0027,-0.2398,16.6227,0.7339,432640000,N/A,1680972800,26000000,0,101020000,38.491,10.1764,6.3445,148.7437,
600460.SH,Ê¿À¼Î¢,2003-09-08,1.1307,1.1225,1.13,1.1164,1.1218,61209,1009896,-0.0088,-0.7813,16.4991,0.2354,429260000,N/A,1667840200,26000000,0,101020000,38.1903,10.0969,6.295,147.5816,
600460.SH,Ê¿À¼Î¢,2003-09-09,1.1218,1.1212,1.1341,1.115,1.1225,105660,1745664,0.0007,0.0606,16.5215,0.4064,429520000,N/A,1668850400,26000000,0,101020000,38.2134,10.103,6.2988,147.671,
600460.SH,Ê¿À¼Î¢,2003-09-10,1.1225,1.1212,1.1368,1.1212,1.1279,66120,1096806,0.0054,0.4843,16.5881,0.2543,431600000,N/A,1676932000,26000000,0,101020000,38.3985,10.152,6.3293,148.3861,
600460.SH,Ê¿À¼Î¢,2003-09-11,1.1279,1.1286,1.1449,1.1279,1.1313,30620,510661,0.0034,0.3012,16.6774,0.1178,432900000,N/A,1681983000,26000000,0,101020000,38.5141,10.1825,6.3484,148.8331,
600460.SH,Ê¿À¼Î¢,2003-09-12,1.1313,1.1198,1.1415,1.1144,1.1313,93240,1543852,0,0,16.5578,0.3586,432900000,N/A,1681983000,26000000,0,101020000,38.5141,10.1825,6.3484,148.8331,
600460.SH,Ê¿À¼Î¢,2003-09-15,1.1313,1.1212,1.1341,1.1042,1.1042,80510,1316187,-0.0272,-2.4024,16.3481,0.3097,422500000,N/A,1641575000,26000000,0,101020000,37.5889,9.9379,6.1958,145.2575,
600460.SH,Ê¿À¼Î¢,2003-09-16,1.1042,1.1042,1.1313,1.1042,1.1279,77973,1281751,0.0238,2.1538,16.4384,0.2999,431600000,N/A,1676932000,26000000,0,101020000,38.3985,10.152,6.3293,148.3861,
600460.SH,Ê¿À¼Î¢,2003-09-17,1.1279,1.1279,1.1334,1.1212,1.1279,77849,1288868,0,0,16.556,0.2994,431600000,N/A,1676932000,26000000,0,101020000,38.3985,10.152,6.3293,148.3861,
600460.SH,Ê¿À¼Î¢,2003-09-18,1.1279,1.1218,1.1279,1.1218,1.1225,38500,636728,-0.0054,-0.4819,16.5384,0.1481,429520000,N/A,1668850400,26000000,0,101020000,38.2134,10.103,6.2988,147.671,
600460.SH,Ê¿À¼Î¢,2003-09-19,1.1225,1.1212,1.1402,1.1157,1.1354,95789,1584589,0.0129,1.1501,16.5425,0.3684,434460000,N/A,1688044200,26000000,0,101020000,38.6529,10.2192,6.3712,149.3694,
600460.SH,Ê¿À¼Î¢,2003-09-22,1.1354,1.1327,1.1517,1.1327,1.1511,120260,2024078,0.0156,1.3764,16.8308,0.4625,440440000,N/A,1711278800,26000000,0,101020000,39.1849,10.3599,6.4589,151.4253,
600460.SH,Ê¿À¼Î¢,2003-09-23,1.1511,1.149,1.1538,1.1381,1.1463,96650,1630663,-0.0048,-0.4132,16.8718,0.3717,438620000,N/A,1704207400,26000000,0,101020000,39.023,10.3171,6.4322,150.7996,
600460.SH,Ê¿À¼Î¢,2003-09-24,1.1463,1.1477,1.1483,1.1381,1.1415,53973,908223,-0.0048,-0.4149,16.8274,0.2076,436800000,N/A,1697136000,26000000,0,101020000,38.8611,10.2743,6.4055,150.1739,
600460.SH,Ê¿À¼Î¢,2003-09-25,1.1415,1.1415,1.1538,1.1347,1.1375,56950,956575,-0.0041,-0.3571,16.7968,0.219,435240000,N/A,1691074800,26000000,0,101020000,38.7223,10.2376,6.3827,149.6376,
600460.SH,Ê¿À¼Î¢,2003-09-26,1.1375,1.1551,1.1646,1.1381,1.1558,256238,4358209,0.0183,1.6129,17.0084,0.9855,442260000,N/A,1718350200,26000000,0,101020000,39.3469,10.4027,6.4856,152.0511,
600460.SH,Ê¿À¼Î¢,2003-09-29,1.1558,1.1558,1.1558,1.1558,1.1558,N/A,N/A,0,0,N/A,N/A,442260000,N/A,1718350200,26000000,0,101020000,39.3469,10.4027,6.4856,152.0511,
600460.SH,Ê¿À¼Î¢,2003-09-30,1.1558,1.1212,1.183,1.1212,1.1735,355687,6097565,0.0177,1.5285,17.1431,1.368,449020000,N/A,1744615400,26000000,0,101020000,39.9483,10.5617,6.5848,154.3752,
600460.SH,Ê¿À¼Î¢,2003-10-08,1.1735,1.1687,1.1687,1.147,1.1558,66037,1125670,-0.0177,-1.5055,17.046,0.254,442260000,N/A,1718350200,26000000,0,101020000,39.3469,10.4027,6.4856,152.0511,
600460.SH,Ê¿À¼Î¢,2003-10-09,1.1558,1.1544,1.1748,1.1544,1.1585,107059,1837781,0.0027,0.2352,17.1661,0.4118,443300000,N/A,1722391000,26000000,0,101020000,39.4394,10.4272,6.5009,152.4086,
600460.SH,Ê¿À¼Î¢,2003-10-10,1.1585,1.1449,1.1857,1.1449,1.1816,139100,2400812,0.0231,1.9941,17.2596,0.535,452140000,N/A,1756737800,26000000,0,101020000,40.2259,10.6351,6.6305,155.4479,
600460.SH,Ê¿À¼Î¢,2003-10-13,1.1816,1.1653,1.1864,1.1558,1.1619,75000,1295554,-0.0197,-1.6676,17.2741,0.2885,444600000,N/A,1727442000,26000000,0,101020000,39.555,10.4577,6.5199,152.8556,
600460.SH,Ê¿À¼Î¢,2003-10-14,1.1619,1.1619,1.1782,1.1619,1.1728,71250,1224577,0.0109,0.9357,17.187,0.274,448760000,N/A,1743605200,26000000,0,101020000,39.9252,10.5556,6.5809,154.2858,
600460.SH,Ê¿À¼Î¢,2003-10-15,1.1728,1.1728,1.2156,1.1674,1.1959,354325,6263894,0.0231,1.9699,17.6784,1.3628,457600000,N/A,1777952000,26000000,0,101020000,40.7116,10.7635,6.7106,157.325,
600460.SH,Ê¿À¼Î¢,2003-10-16,1.1959,1.1973,1.2353,1.1959,1.2163,576360,10332748,0.0204,1.7045,17.9276,2.2168,465400000,N/A,1808258000,26000000,0,101020000,41.4056,10.947,6.825,160.0067,
600460.SH,Ê¿À¼Î¢,2003-10-17,1.2163,1.2231,1.2231,1.1898,1.1925,394194,6973786,-0.0238,-1.9553,17.6913,1.5161,456300000,N/A,1772901000,26000000,0,101020000,40.596,10.7329,6.6915,156.8781,
600460.SH,Ê¿À¼Î¢,2003-10-20,1.1925,1.1932,1.2007,1.1877,1.1966,165245,2902147,0.0041,0.3419,17.5627,0.6356,457860000,N/A,1778962200,26000000,0,101020000,40.7348,10.7696,6.7144,157.4144,
600460.SH,Ê¿À¼Î¢,2003-10-21,1.1966,1.1993,1.1993,1.1619,1.1823,154643,2677869,-0.0143,-1.1925,17.3165,0.5948,452400000,N/A,1757748000,26000000,0,101020000,40.249,10.6412,6.6343,155.5372,
600460.SH,Ê¿À¼Î¢,2003-10-22,1.1823,1.1959,1.2299,1.1891,1.2074,384500,6836450,0.0251,2.1264,17.7801,1.4788,462020000,N/A,1795125400,26000000,0,101020000,41.1049,10.8675,6.7754,158.8447,
600460.SH,Ê¿À¼Î¢,2003-10-23,1.2074,1.2034,1.2231,1.2034,1.2136,383172,6856151,0.0061,0.5065,17.8931,1.4737,464360000,N/A,1804217200,26000000,0,101020000,41.313,10.9225,6.8097,159.6492,
600460.SH,Ê¿À¼Î¢,2003-10-24,1.2136,1.1993,1.2081,1.1945,1.2027,101000,1783728,-0.0109,-0.8959,17.6607,0.3885,460200000,N/A,1788054000,26000000,0,101020000,40.9429,10.8247,6.7487,158.2189,
600460.SH,Ê¿À¼Î¢,2003-10-27,1.2027,1.2197,1.2197,1.1755,1.1837,155890,2729003,-0.019,-1.5819,17.506,0.5996,452920000,N/A,1759768400,26000000,0,101020000,40.2953,10.6534,6.6419,155.716,
600460.SH,Ê¿À¼Î¢,2003-10-28,1.1837,1.1782,1.1898,1.1694,1.1837,215079,3750687,0,0,17.4386,0.8272,452920000,N/A,1759768400,26000000,0,101020000,40.2953,10.6534,6.6419,155.716,
600460.SH,Ê¿À¼Î¢,2003-10-29,1.1837,1.1701,1.1959,1.1381,1.1884,410313,7049731,0.0048,0.4018,17.1813,1.5781,454740000,N/A,1766839800,26000000,0,101020000,40.4572,10.6963,6.6686,156.3418,
600460.SH,Ê¿À¼Î¢,2003-10-30,1.1884,1.1585,1.2061,1.1585,1.1918,264186,4620637,0.0034,0.2859,17.4901,1.0161,456040000,N/A,1771890800,26000000,0,101020000,40.5728,10.7268,6.6877,156.7887,
600460.SH,Ê¿À¼Î¢,2003-10-31,1.1918,1.2095,1.2129,1.1857,1.1884,170600,3009990,-0.0034,-0.2851,17.6436,0.6562,454740000,N/A,1766839800,26000000,0,101020000,40.4572,10.6963,6.6686,156.3418,
600460.SH,Ê¿À¼Î¢,2003-11-03,1.1884,1.1925,1.1925,1.1742,1.1809,180580,3150109,-0.0075,-0.6289,17.4444,0.6945,451880000,N/A,1755727600,26000000,0,101020000,40.2027,10.629,6.6267,155.3585,
600460.SH,Ê¿À¼Î¢,2003-11-04,1.1809,1.1939,1.2068,1.1755,1.1891,221281,3868349,0.0082,0.6904,17.4816,0.8511,455000000,N/A,1767850000,26000000,0,101020000,40.4803,10.7024,6.6724,156.4311,
600460.SH,Ê¿À¼Î¢,2003-11-05,1.1891,1.1925,1.2081,1.1891,1.1959,187636,3309530,0.0068,0.5714,17.638,0.7217,457600000,N/A,1777952000,26000000,0,101020000,40.7116,10.7635,6.7106,157.325,
600460.SH,Ê¿À¼Î¢,2003-11-06,1.1959,1.1959,1.2027,1.1748,1.1959,240208,4207718,0,0,17.517,0.9239,457600000,N/A,1777952000,26000000,0,101020000,40.7116,10.7635,6.7106,157.325,
600460.SH,Ê¿À¼Î¢,2003-11-07,1.1959,1.1952,1.2095,1.1551,1.1864,309765,5401212,-0.0095,-0.7955,17.4365,1.1914,453960000,N/A,1763809200,26000000,0,101020000,40.3878,10.6779,6.6572,156.0736,
600460.SH,Ê¿À¼Î¢,2003-11-10,1.1864,1.1544,1.1585,1.1008,1.1279,332650,5533389,-0.0584,-4.9255,16.6343,1.2794,431600000,N/A,1676932000,26000000,0,101020000,38.3985,10.152,6.3293,148.3861,
600460.SH,Ê¿À¼Î¢,2003-11-11,1.1279,1.1089,1.1239,1.0736,1.1076,275617,4430815,-0.0204,-1.8072,16.076,1.0601,423800000,N/A,1646626000,26000000,0,101020000,37.7045,9.9685,6.2149,145.7044,
600460.SH,Ê¿À¼Î¢,2003-11-12,1.1076,1.0906,1.0913,1.0756,1.0845,61884,987644,-0.0231,-2.0859,15.9596,0.238,414960000,N/A,1612279200,26000000,0,101020000,36.918,9.7606,6.0853,142.6652,
600460.SH,Ê¿À¼Î¢,2003-11-13,1.0845,1.0804,1.0987,1.079,1.0865,126700,2025315,0.002,0.188,15.9851,0.4873,415740000,N/A,1615309800,26000000,0,101020000,36.9874,9.7789,6.0967,142.9334,
600460.SH,Ê¿À¼Î¢,2003-11-14,1.0865,1.0811,1.0987,1.0804,1.094,101100,1621020,0.0075,0.6879,16.0338,0.3888,418600000,N/A,1626422000,26000000,0,101020000,37.2419,9.8462,6.1387,143.9167,
600460.SH,Ê¿À¼Î¢,2003-11-17,1.094,1.0947,1.1008,1.0872,1.1001,64600,1040168,0.0061,0.559,16.1017,0.2485,420940000,N/A,1635513800,26000000,0,101020000,37.4501,9.9012,6.173,144.7212,
600460.SH,Ê¿À¼Î¢,2003-11-18,1.1001,1.0926,1.1076,1.0926,1.0926,119200,1921543,-0.0075,-0.6794,16.1203,0.4585,418080000,N/A,1624401600,26000000,0,101020000,37.1956,9.8339,6.131,143.7379,
600460.SH,Ê¿À¼Î¢,2003-11-19,1.0926,1.1001,1.1144,1.0981,1.1089,41850,682729,0.0163,1.4925,16.3137,0.161,424320000,N/A,1648646400,26000000,0,101020000,37.7508,9.9807,6.2225,145.8832,
600460.SH,Ê¿À¼Î¢,2003-11-20,1.1089,1.1089,1.1551,1.1076,1.1449,207936,3481555,0.036,3.2475,16.7434,0.7998,438100000,N/A,1702187000,26000000,0,101020000,38.9768,10.3048,6.4246,150.6208,
600460.SH,Ê¿À¼Î¢,2003-11-21,1.1449,1.147,1.1572,1.1334,1.1347,155503,2606420,-0.0102,-0.8902,16.7612,0.5981,434200000,N/A,1687034000,26000000,0,101020000,38.6298,10.2131,6.3674,149.28,
600460.SH,Ê¿À¼Î¢,2003-11-24,1.1347,1.1313,1.1449,1.1178,1.1415,79131,1324868,0.0068,0.5988,16.7427,0.3044,436800000,N/A,1697136000,26000000,0,101020000,38.8611,10.2743,6.4055,150.1739,
600460.SH,Ê¿À¼Î¢,2003-11-25,1.1415,1.1422,1.1538,1.1246,1.1504,175419,2956331,0.0088,0.7738,16.853,0.6747,440180000,N/A,1710268600,26000000,0,101020000,39.1618,10.3538,6.4551,151.336,
600460.SH,Ê¿À¼Î¢,2003-11-26,1.1504,1.1497,1.1497,1.1279,1.1354,44200,738382,-0.0149,-1.2995,16.7055,0.17,434460000,N/A,1688044200,26000000,0,101020000,38.6529,10.2192,6.3712,149.3694,
600460.SH,Ê¿À¼Î¢,2003-11-27,1.1354,1.1422,1.1422,1.1171,1.1232,81400,1352006,-0.0122,-1.0772,16.6094,0.3131,429780000,N/A,1669860600,26000000,0,101020000,38.2365,10.1091,6.3026,147.7604,
600460.SH,Ê¿À¼Î¢,2003-11-28,1.1232,1.1279,1.1334,1.1116,1.1225,80550,1324882,-0.0007,-0.0605,16.4479,0.3098,429520000,N/A,1668850400,26000000,0,101020000,38.2134,10.103,6.2988,147.671,
600460.SH,Ê¿À¼Î¢,2003-12-01,1.1225,1.1218,1.147,1.1144,1.1409,79680,1334935,0.0183,1.6344,16.7537,0.3065,436540000,N/A,1696125800,26000000,0,101020000,38.838,10.2682,6.4017,150.0845,
600460.SH,Ê¿À¼Î¢,2003-12-02,1.1409,1.1334,1.1551,1.1334,1.1456,73293,1238873,0.0048,0.4169,16.903,0.2819,438360000,N/A,1703197200,26000000,0,101020000,38.9999,10.311,6.4284,150.7102,
600460.SH,Ê¿À¼Î¢,2003-12-03,1.1456,1.1422,1.1551,1.1422,1.1436,65700,1109966,-0.002,-0.1779,16.8945,0.2527,437580000,N/A,1700166600,26000000,0,101020000,38.9305,10.2926,6.417,150.4421,
600460.SH,Ê¿À¼Î¢,2003-12-04,1.1436,1.1422,1.1422,1.1212,1.1279,92200,1537934,-0.0156,-1.3666,16.6804,0.3546,431600000,N/A,1676932000,26000000,0,101020000,38.3985,10.152,6.3293,148.3861,
600460.SH,Ê¿À¼Î¢,2003-12-05,1.1279,1.1293,1.1381,1.1232,1.1307,73499,1222057,0.0027,0.241,16.6269,0.2827,432640000,N/A,1680972800,26000000,0,101020000,38.491,10.1764,6.3445,148.7437,
600460.SH,Ê¿À¼Î¢,2003-12-08,1.1307,1.1415,1.1483,1.1266,1.1279,74300,1240030,-0.0027,-0.2404,16.6895,0.2858,431600000,N/A,1676932000,26000000,0,101020000,38.3985,10.152,6.3293,148.3861,
600460.SH,Ê¿À¼Î¢,2003-12-09,1.1279,1.1225,1.1402,1.1212,1.1347,41900,694059,0.0068,0.6024,16.5647,0.1612,434200000,N/A,1687034000,26000000,0,101020000,38.6298,10.2131,6.3674,149.28,
600460.SH,Ê¿À¼Î¢,2003-12-10,1.1347,1.1402,1.1551,1.1273,1.1483,89500,1502836,0.0136,1.1976,16.7915,0.3442,439400000,N/A,1707238000,26000000,0,101020000,39.0924,10.3354,6.4437,151.0678,
600460.SH,Ê¿À¼Î¢,2003-12-11,1.1483,1.149,1.1789,1.149,1.1728,169690,2909659,0.0245,2.1302,17.1469,0.6527,448760000,N/A,1743605200,26000000,0,101020000,39.9252,10.5556,6.5809,154.2858,
600460.SH,Ê¿À¼Î¢,2003-12-12,1.1728,1.1742,1.1755,1.1619,1.1735,76603,1316842,0.0007,0.0579,17.1905,0.2946,449020000,N/A,1744615400,26000000,0,101020000,39.9483,10.5617,6.5848,154.3752,
600460.SH,Ê¿À¼Î¢,2003-12-15,1.1735,1.1721,1.1755,1.1619,1.1721,270300,4648758,-0.0014,-0.1158,17.1985,1.0396,448500000,N/A,1742595000,26000000,0,101020000,39.902,10.5495,6.5771,154.1964,
600460.SH,Ê¿À¼Î¢,2003-12-16,1.1721,1.1728,1.1891,1.1572,1.1714,279997,4821957,-0.0007,-0.058,17.2215,1.0769,448240000,N/A,1741584800,26000000,0,101020000,39.8789,10.5434,6.5733,154.107,
600460.SH,Ê¿À¼Î¢,2003-12-17,1.1714,1.1789,1.1979,1.1742,1.1755,118962,2082801,0.0041,0.348,17.5081,0.4575,449800000,N/A,1747646000,26000000,0,101020000,40.0177,10.5801,6.5962,154.6434,
600460.SH,Ê¿À¼Î¢,2003-12-18,1.1755,1.1755,1.1809,1.1646,1.1755,81620,1410560,0,0,17.282,0.3139,449800000,N/A,1747646000,26000000,0,101020000,40.0177,10.5801,6.5962,154.6434,
600460.SH,Ê¿À¼Î¢,2003-12-19,1.1755,1.1762,1.1789,1.1422,1.1524,516705,8835047,-0.0231,-1.9653,17.0988,1.9873,440960000,N/A,1713299200,26000000,0,101020000,39.2312,10.3721,6.4666,151.6041,
600460.SH,Ê¿À¼Î¢,2003-12-22,1.1524,1.147,1.1877,1.1429,1.1857,163150,2785282,0.0333,2.8892,17.0719,0.6275,453700000,N/A,1762799000,26000000,0,101020000,40.3647,10.6718,6.6534,155.9842,
600460.SH,Ê¿À¼Î¢,2003-12-23,1.1857,1.1857,1.1891,1.1422,1.1755,145652,2505877,-0.0102,-0.8596,17.2045,0.5602,449800000,N/A,1747646000,26000000,0,101020000,40.0177,10.5801,6.5962,154.6434,
600460.SH,Ê¿À¼Î¢,2003-12-24,1.1755,1.1551,1.1755,1.1443,1.164,257503,4384137,-0.0116,-0.9827,17.0256,0.9904,445380000,N/A,1730472600,26000000,0,101020000,39.6244,10.4761,6.5314,153.1237,
600460.SH,Ê¿À¼Î¢,2003-12-25,1.164,1.1633,1.1959,1.1551,1.1891,250440,4346122,0.0251,2.16,17.3539,0.9632,455000000,N/A,1767850000,26000000,0,101020000,40.4803,10.7024,6.6724,156.4311,
600460.SH,Ê¿À¼Î¢,2003-12-26,1.1891,1.1993,1.2638,1.1837,1.2503,830096,15225340,0.0612,5.1429,18.3417,3.1927,478400000,N/A,1858768000,26000000,0,101020000,42.5622,11.2528,7.0156,164.4762,
600460.SH,Ê¿À¼Î¢,2003-12-29,1.2503,1.2571,1.3372,1.238,1.3114,958971,18323731,0.0612,4.8913,19.1077,3.6883,501800000,N/A,1949686000,26000000,0,101020000,44.644,11.8032,7.3588,172.5212,
600460.SH,Ê¿À¼Î¢,2003-12-30,1.3114,1.3012,1.3148,1.2842,1.2992,269900,5166790,-0.0122,-0.9326,19.1433,1.0381,497120000,N/A,1931502400,26000000,0,101020000,44.2276,11.6931,7.2901,170.9122,
600460.SH,Ê¿À¼Î¢,2003-12-31,1.2992,1.3012,1.3454,1.2978,1.3067,433253,8449633,0.0075,0.5753,19.5028,1.6664,499980000,N/A,1942614600,26000000,0,101020000,44.4821,11.7604,7.3321,171.8955,
600460.SH,Ê¿À¼Î¢,2004-01-02,1.3067,1.3067,1.3644,1.291,1.2992,879484,17357596,-0.0075,-0.572,19.7361,3.3826,497120000,N/A,1931502400,26000000,0,101020000,32.0134,3.7692,5.1871,36.1548,
600460.SH,Ê¿À¼Î¢,2004-01-05,1.2992,1.3298,1.3848,1.325,1.3794,1000382,19965060,0.0802,6.1715,19.9574,3.8476,527800000,N/A,2050706000,26000000,0,101020000,33.9892,4.0018,5.5072,38.3862,
600460.SH,Ê¿À¼Î¢,2004-01-06,1.3794,1.3794,1.4466,1.3644,1.4426,1181716,24019752,0.0632,4.5813,20.3262,4.5451,551980000,N/A,2144654600,26000000,0,101020000,35.5463,4.1852,5.7595,40.1447,
600460.SH,Ê¿À¼Î¢,2004-01-07,1.4426,1.4276,1.4473,1.4086,1.4364,774394,16290221,-0.0061,-0.4239,21.0361,2.9784,549640000,N/A,2135562800,26000000,0,101020000,35.3956,4.1674,5.7351,39.9746,
600460.SH,Ê¿À¼Î¢,2004-01-08,1.4364,1.4466,1.5017,1.4256,1.4364,885026,19231573,0,0,21.73,3.4039,549640000,N/A,2135562800,26000000,0,101020000,35.3956,4.1674,5.7351,39.9746,
600460.SH,Ê¿À¼Î¢,2004-01-09,1.4364,1.482,1.5085,1.4405,1.4555,967268,20990198,0.019,1.3245,21.7005,3.7203,556920000,N/A,2163848400,26000000,0,101020000,35.8644,4.2226,5.811,40.504,
600460.SH,Ê¿À¼Î¢,2004-01-12,1.4555,1.4616,1.5968,1.4616,1.5553,1058637,24003196,0.0999,6.8627,22.6737,4.0717,595140000,N/A,2312347800,26000000,0,101020000,38.3257,4.5124,6.2098,43.2837,
600460.SH,Ê¿À¼Î¢,2004-01-13,1.5553,1.5574,1.5954,1.5322,1.5812,431159,9901558,0.0258,1.6601,22.965,1.6583,605020000,N/A,2350735400,26000000,0,101020000,38.962,4.5873,6.3129,44.0023,
600460.SH,Ê¿À¼Î¢,2004-01-14,1.5812,1.5812,1.7327,1.5764,1.6892,933878,22760775,0.108,6.8328,24.3723,3.5918,646360000,N/A,2511357200,26000000,0,101020000,41.6242,4.9008,6.7443,47.0089,
600460.SH,Ê¿À¼Î¢,2004-01-15,1.6892,1.6715,1.7327,1.6342,1.6688,442210,11022770,-0.0204,-1.2068,24.9266,1.7008,638560000,N/A,2481051200,26000000,0,101020000,41.1219,4.8416,6.6629,46.4416,
600460.SH,Ê¿À¼Î¢,2004-01-16,1.6688,1.6512,1.7585,1.645,1.7402,724459,18197673,0.0713,4.2752,25.119,2.7864,665860000,N/A,2587122200,26000000,0,101020000,42.8799,5.0486,6.9477,48.4271,
600460.SH,Ê¿À¼Î¢,2004-01-29,1.7402,1.7633,1.9141,1.7103,1.9141,1562222,43475565,0.1739,9.9961,27.8293,6.0085,732420000,N/A,2845733400,26000000,0,101020000,47.1663,5.5533,7.6422,53.2679,
600460.SH,Ê¿À¼Î¢,2004-01-30,1.9141,1.9128,2.0031,1.8346,1.8407,707827,19829605,-0.0734,-3.8339,28.0148,2.7224,704340000,N/A,2736631800,26000000,0,101020000,45.358,5.3404,7.3492,51.2257,
600460.SH,Ê¿À¼Î¢,2004-02-02,1.8407,1.8591,1.9189,1.7436,1.8931,939321,25695598,0.0523,2.8424,27.3555,3.6128,724360000,N/A,2814417200,26000000,0,101020000,46.6472,5.4922,7.5581,52.6817,
600460.SH,Ê¿À¼Î¢,2004-02-03,1.8931,1.891,1.9005,1.8176,1.8645,461664,12686306,-0.0285,-1.5075,27.4795,1.7756,713440000,N/A,2771988800,26000000,0,101020000,45.944,5.4094,7.4442,51.8875,
600460.SH,Ê¿À¼Î¢,2004-02-04,1.8645,1.8632,1.9039,1.8482,1.8931,733059,20374209,0.0285,1.5306,27.7934,2.8195,724360000,N/A,2814417200,26000000,0,101020000,46.6472,5.4922,7.5581,52.6817,
600460.SH,Ê¿À¼Î¢,2004-02-05,1.8931,1.8964,1.9141,1.8822,1.8964,433078,12097171,0.0034,0.1795,27.933,1.6657,725660000,N/A,2819468200,26000000,0,101020000,46.7309,5.502,7.5717,52.7762,
600460.SH,Ê¿À¼Î¢,2004-02-06,1.8964,1.8964,1.8964,1.804,1.8102,399292,10842845,-0.0863,-4.5503,27.1552,1.5357,692640000,N/A,2691172800,26000000,0,101020000,44.6045,5.2517,7.2272,50.3747,
600460.SH,Ê¿À¼Î¢,2004-02-09,1.8102,1.7755,1.8353,1.7755,1.8299,470053,12508683,0.0197,1.0886,26.6112,1.8079,700180000,N/A,2720468600,26000000,0,101020000,45.0901,5.3088,7.3058,50.9231,
600460.SH,Ê¿À¼Î¢,2004-02-10,1.8299,1.8373,1.8373,1.8074,1.8149,265150,7096494,-0.0149,-0.8169,26.7641,1.0198,694460000,N/A,2698244200,26000000,0,101020000,44.7217,5.2655,7.2461,50.5071,
600460.SH,Ê¿À¼Î¢,2004-02-11,1.8149,1.8108,1.8367,1.7823,1.8353,480312,12895241,0.0204,1.1232,26.8476,1.8474,702260000,N/A,2728550200,26000000,0,101020000,45.224,5.3246,7.3275,51.0744,
600460.SH,Ê¿À¼Î¢,2004-02-12,1.8353,1.8346,1.8761,1.8203,1.8666,329036,9026236,0.0313,1.7031,27.4324,1.2655,714220000,N/A,2775019400,26000000,0,101020000,45.9942,5.4153,7.4523,51.9442,
600460.SH,Ê¿À¼Î¢,2004-02-13,1.8666,1.8638,2.0534,1.8638,2.0534,1626023,48144422,0.1869,10.0109,29.6087,6.2539,785720000,N/A,3052824400,26000000,0,101020000,50.5987,5.9574,8.1984,57.1443,
600460.SH,Ê¿À¼Î¢,2004-02-16,2.0534,2.0643,2.1166,2.0249,2.0758,667419,20253539,0.0224,1.092,30.3461,2.567,794300000,N/A,3086161000,26000000,0,101020000,51.1512,6.0225,8.2879,57.7683,
600460.SH,Ê¿À¼Î¢,2004-02-17,2.0758,2.0758,2.2342,2.0758,2.1479,979199,31169624,0.072,3.4697,31.8318,3.7662,821860000,N/A,3193242200,26000000,0,101020000,52.926,6.2314,8.5755,59.7727,
600460.SH,Ê¿À¼Î¢,2004-02-18,2.1479,2.1152,2.2083,2.0779,2.1642,358962,11444875,0.0163,0.7593,31.8832,1.3806,828100000,N/A,3217487000,26000000,0,101020000,53.3278,6.2787,8.6406,60.2266,
600460.SH,Ê¿À¼Î¢,2004-02-19,2.1642,2.12,2.1913,2.12,2.1744,522976,16686270,0.0102,0.471,31.9064,2.0114,832000000,N/A,3232640000,26000000,0,101020000,53.579,6.3083,8.6813,60.5102,
600460.SH,Ê¿À¼Î¢,2004-02-20,2.1744,2.1744,2.2151,2.0792,2.1234,453757,14481754,-0.051,-2.3437,31.9152,1.7452,812500000,N/A,3156875000,26000000,0,101020000,52.3232,6.1605,8.4778,59.092,
600460.SH,Ê¿À¼Î¢,2004-02-23,2.1234,2.1302,2.139,2.0398,2.0466,498621,15209129,-0.0768,-3.616,30.5024,1.9178,783120000,N/A,3042722400,26000000,0,101020000,50.4312,5.9377,8.1712,56.9552,
600460.SH,Ê¿À¼Î¢,2004-02-24,2.0466,2.0385,2.1397,2.0099,2.1336,668721,20624158,0.087,4.2497,30.8412,2.572,816400000,N/A,3172028000,26000000,0,101020000,52.5744,6.19,8.5185,59.3756,
600460.SH,Ê¿À¼Î¢,2004-02-25,2.1336,2.1336,2.1628,2.0521,2.065,373400,11544182,-0.0686,-3.2166,30.9164,1.4362,790140000,N/A,3069997800,26000000,0,101020000,50.8833,5.9909,8.2445,57.4658,
600460.SH,Ê¿À¼Î¢,2004-02-26,2.065,2.0541,2.1261,2.0541,2.1234,338442,10422383,0.0584,2.8299,30.7952,1.3017,812500000,N/A,3156875000,26000000,0,101020000,52.3232,6.1605,8.4778,59.092,
600460.SH,Ê¿À¼Î¢,2004-02-27,2.1234,2.122,2.2749,2.122,2.2348,956257,31406152,0.1114,5.248,32.8428,3.6779,855140000,N/A,3322547800,26000000,0,101020000,55.0692,6.4838,8.9227,62.1931,
600460.SH,Ê¿À¼Î¢,2004-03-01,2.2348,2.2348,2.277,2.175,2.2328,975390,32071500,-0.002,-0.0912,32.8807,3.7515,854360000,N/A,3319517200,26000000,0,101020000,55.0189,6.4778,8.9146,62.1364,
600460.SH,Ê¿À¼Î¢,2004-03-02,2.2328,2.2559,2.2967,2.1662,2.1913,446045,14561603,-0.0414,-1.8564,32.646,1.7156,838500000,N/A,3257895000,26000000,0,101020000,53.9976,6.3576,8.7491,60.9829,
600460.SH,Ê¿À¼Î¢,2004-03-03,2.1913,2.175,2.1846,2.1064,2.1417,336256,10593792,-0.0496,-2.2636,31.5051,1.2933,819520000,N/A,3184150400,26000000,0,101020000,52.7753,6.2137,8.551,59.6026,
600460.SH,Ê¿À¼Î¢,2004-03-04,2.1417,2.1132,2.1676,2.1132,2.1404,287409,9061997,-0.0014,-0.0635,31.53,1.1054,819000000,N/A,3182130000,26000000,0,101020000,52.7418,6.2097,8.5456,59.5647,
600460.SH,Ê¿À¼Î¢,2004-03-05,2.1404,2.1465,2.207,2.1268,2.1696,222713,7066978,0.0292,1.3651,31.7313,0.8566,830180000,N/A,3225568600,26000000,0,101020000,53.4618,6.2945,8.6623,60.3778,
600460.SH,Ê¿À¼Î¢,2004-03-08,2.1696,2.1744,2.2009,2.1608,2.1669,302600,9697188,-0.0027,-0.1253,32.0462,1.1638,829140000,N/A,3221527800,26000000,0,101020000,53.3948,6.2866,8.6514,60.3022,
600460.SH,Ê¿À¼Î¢,2004-03-09,2.1669,2.1676,2.1818,2.1125,2.118,301508,9566557,-0.0489,-2.2578,31.729,1.1596,810420000,N/A,3148793400,26000000,0,101020000,52.1893,6.1447,8.4561,58.9407,
600460.SH,Ê¿À¼Î¢,2004-03-10,2.118,2.1214,2.1458,2.0983,2.1404,480151,14947173,0.0224,1.0587,31.1302,1.8467,819000000,N/A,3182130000,26000000,0,101020000,52.7418,6.2097,8.5456,59.5647,
600460.SH,Ê¿À¼Î¢,2004-03-11,2.1404,2.1404,2.1526,2.1234,2.1451,351590,11054732,0.0048,0.2222,31.4421,1.3523,820820000,N/A,3189201400,26000000,0,101020000,52.859,6.2235,8.5646,59.6971,
600460.SH,Ê¿À¼Î¢,2004-03-12,2.1451,2.1506,2.2192,2.1071,2.1492,458627,14584797,0.0041,0.1901,31.801,1.764,822380000,N/A,3195262600,26000000,0,101020000,52.9595,6.2354,8.5809,59.8106,
600460.SH,Ê¿À¼Î¢,2004-03-15,2.1492,2.1513,2.3436,2.1336,2.2939,709719,23826613,0.1447,6.7341,33.5719,2.7297,877760000,N/A,3410435200,26000000,0,101020000,56.5258,6.6553,9.1587,63.8383,
600460.SH,Ê¿À¼Î¢,2004-03-16,2.2939,2.2491,2.3449,2.2457,2.3123,524338,17707951,0.0183,0.7998,33.772,2.0167,884780000,N/A,3437710600,26000000,0,101020000,56.9779,6.7085,9.232,64.3488,
600460.SH,Ê¿À¼Î¢,2004-03-17,2.3123,2.3123,2.4169,2.2899,2.3877,748522,26101372,0.0754,3.2618,34.8705,2.8789,913640000,N/A,3549842800,26000000,0,101020000,58.8364,6.9273,9.5331,66.4478,
600460.SH,Ê¿À¼Î¢,2004-03-18,2.3877,2.4108,2.4244,2.3612,2.3782,1238392,43362981,-0.0095,-0.3984,35.0156,4.763,910000000,N/A,3535700000,26000000,0,101020000,58.602,6.8997,9.4951,66.183,
600460.SH,Ê¿À¼Î¢,2004-03-19,2.3782,2.3782,2.4597,2.3646,2.4557,1004338,35743525,0.0775,3.2571,35.5891,3.8628,939640000,N/A,3650862800,26000000,0,101020000,60.5108,7.1245,9.8044,68.3387,
600460.SH,Ê¿À¼Î¢,2004-03-22,2.4557,2.4462,2.4801,2.4122,2.4557,270152,9769595,0,0,36.1633,1.039,939640000,N/A,3650862800,26000000,0,101020000,60.5108,7.1245,9.8044,68.3387,
600460.SH,Ê¿À¼Î¢,2004-03-23,2.4557,2.4326,2.4659,2.3782,2.3843,289930,10224401,-0.0713,-2.9054,35.2651,1.1151,912340000,N/A,3544791800,26000000,0,101020000,58.7527,6.9175,9.5196,66.3532,
600460.SH,Ê¿À¼Î¢,2004-03-24,2.3843,2.3701,2.4108,2.3646,2.3884,197128,6893117,0.0041,0.171,34.9677,0.7582,913900000,N/A,3550853000,26000000,0,101020000,58.8532,6.9293,9.5358,66.4667,
600460.SH,Ê¿À¼Î¢,2004-03-25,2.3884,2.3775,2.4733,2.3707,2.455,312162,11155066,0.0666,2.7881,35.7349,1.2006,939380000,N/A,3649852600,26000000,0,101020000,60.494,7.1225,9.8017,68.3198,
600460.SH,Ê¿À¼Î¢,2004-03-26,2.455,2.4597,2.65,2.4563,2.6364,736712,27897488,0.1814,7.39,37.8676,2.8335,1008800000,N/A,3919576000,26000000,0,101020000,64.9645,7.6488,10.526,73.3686,
600460.SH,Ê¿À¼Î¢,2004-03-29,2.6364,2.6466,2.7506,2.616,2.6405,605417,24022265,0.0041,0.1546,39.6789,2.3285,1010360000,N/A,3925637200,26000000,0,101020000,65.065,7.6607,10.5423,73.4821,
600460.SH,Ê¿À¼Î¢,2004-03-30,2.6405,2.633,2.7044,2.6167,2.6493,280883,10985829,0.0088,0.3345,39.1118,1.0803,1013740000,N/A,3938769800,26000000,0,101020000,65.2827,7.6863,10.5776,73.7279,
600460.SH,Ê¿À¼Î¢,2004-03-31,2.6493,2.6493,2.7281,2.6384,2.6772,745407,29374019,0.0279,1.0516,39.4067,2.867,1024400000,N/A,3980188000,26000000,0,101020000,65.9691,7.7671,10.6888,74.5032,
600460.SH,Ê¿À¼Î¢,2004-04-01,2.6772,2.7044,2.7247,2.65,2.7146,370942,14755282,0.0374,1.3959,39.7779,1.4267,1038700000,N/A,4035749000,26000000,0,101020000,66.89,7.8755,10.838,75.5432,
600460.SH,Ê¿À¼Î¢,2004-04-02,2.7146,2.7146,2.7146,2.7146,2.7146,N/A,N/A,0,0,N/A,N/A,1038700000,N/A,4035749000,26000000,0,101020000,66.89,7.8755,10.838,75.5432,
600460.SH,Ê¿À¼Î¢,2004-04-05,2.7146,2.7628,2.9863,2.7614,2.9863,856499,36963834,0.2718,10.0125,43.1569,3.2942,1142700000,N/A,4439829000,26000000,0,101020000,73.5874,8.6641,11.9232,83.107,
600460.SH,Ê¿À¼Î¢,2004-04-06,2.9863,3.0788,3.2072,3.0237,3.0516,934587,42703500,0.0652,2.1843,45.6924,3.5946,1167660000,N/A,4536808200,26000000,0,101020000,75.1948,8.8533,12.1836,84.9223,
600460.SH,Ê¿À¼Î¢,2004-04-07,3.0516,3.0516,3.0577,2.9612,3.0101,513556,22701431,-0.0414,-1.3583,44.2044,1.9752,1151800000,N/A,4475186000,26000000,0,101020000,74.1734,8.7331,12.0181,83.7688,
600460.SH,Ê¿À¼Î¢,2004-04-08,3.0101,2.9897,3.3111,2.9728,3.3111,1157612,54503973,0.301,10,47.0831,4.4524,1266980000,N/A,4922704600,26000000,0,101020000,81.5908,9.6064,13.2199,92.1457,
600460.SH,Ê¿À¼Î¢,2004-04-09,3.3111,3.2615,3.3111,2.9802,2.9972,2675591,122124532,-0.3139,-9.4808,45.6439,10.2907,1146860000,N/A,4455992200,26000000,0,101020000,73.8553,8.6956,11.9666,83.4095,
600460.SH,Ê¿À¼Î¢,2004-04-12,2.9972,2.9626,3.1107,2.8878,2.9829,1337489,58932944,-0.0143,-0.4761,44.0624,5.1442,1141400000,N/A,4434778000,26000000,0,101020000,73.5037,8.6542,11.9096,83.0124,
600460.SH,Ê¿À¼Î¢,2004-04-13,2.9829,3.1936,3.1936,2.7893,2.8124,884777,38010926,-0.1706,-5.7175,42.961,3.403,1076140000,N/A,4181217800,26000000,0,101020000,69.3011,8.1594,11.2287,78.2662,
600460.SH,Ê¿À¼Î¢,2004-04-14,2.8124,2.7859,3.0088,2.6908,2.8871,1372604,57615044,0.0747,2.6576,41.975,5.2792,1104740000,N/A,4292339800,26000000,0,101020000,71.1429,8.3763,11.5271,80.3462,
600460.SH,Ê¿À¼Î¢,2004-04-15,2.8871,2.8634,2.9089,2.7927,2.7988,466806,19560701,-0.0883,-3.0595,41.9033,1.7954,1070940000,N/A,4161013800,26000000,0,101020000,68.9662,8.12,11.1744,77.888,
600460.SH,Ê¿À¼Î¢,2004-04-16,2.7988,2.7859,2.9347,2.7859,2.9055,645882,27187932,0.1067,3.8116,42.0943,2.4842,1111760000,N/A,4319615200,26000000,0,101020000,71.5949,8.4295,11.6003,80.8568,
600460.SH,Ê¿À¼Î¢,2004-04-19,2.9055,2.9048,2.9272,2.7859,2.8144,508619,21389527,-0.0911,-3.1338,42.0541,1.9562,1076920000,N/A,4184248400,26000000,0,101020000,69.3513,8.1653,11.2368,78.3229,
600460.SH,Ê¿À¼Î¢,2004-04-20,2.8144,2.8525,2.9829,2.8199,2.9497,809925,34950165,0.1352,4.8044,43.1523,3.1151,1128660000,N/A,4385278200,26000000,0,101020000,72.6833,8.5576,11.7767,82.0859,
600460.SH,Ê¿À¼Î¢,2004-04-21,2.9497,2.9544,3.057,2.9388,2.9891,658374,29101592,0.0394,1.3361,44.2022,2.5322,1143740000,N/A,4443869800,26000000,0,101020000,73.6544,8.672,11.934,83.1826,
600460.SH,Ê¿À¼Î¢,2004-04-22,2.9891,2.949,2.9884,2.7927,2.9191,751152,31520248,-0.07,-2.3414,41.9625,2.889,1116960000,N/A,4339819200,26000000,0,101020000,71.9298,8.4689,11.6546,81.2349,
600460.SH,Ê¿À¼Î¢,2004-04-23,2.9191,2.9014,2.9558,2.7968,2.8015,493421,20840104,-0.1176,-4.027,42.2359,1.8978,1071980000,N/A,4165054600,26000000,0,101020000,69.0332,8.1279,11.1853,77.9636,
600460.SH,Ê¿À¼Î¢,2004-04-26,2.8015,2.8206,3.0705,2.8206,3.0009,1413156,30986423,0.1993,7.115,21.9271,2.7176,1142960000,N/A,4440839200,52000000,0,202040000,73.6041,8.666,11.9259,83.1259,
600460.SH,Ê¿À¼Î¢,2004-04-27,3.0009,2.9968,2.9968,2.7961,2.8534,1595111,33578183,-0.1474,-4.9136,21.0507,3.0675,1086800000,N/A,4222636000,52000000,0,202040000,69.9876,8.2402,11.3399,79.0415,
600460.SH,Ê¿À¼Î¢,2004-04-28,2.8534,2.8193,2.8944,2.7387,2.7879,932887,19199124,-0.0655,-2.2967,20.5803,1.794,1061840000,N/A,4125656800,52000000,0,202040000,68.3802,8.051,11.0795,77.2262,
600460.SH,Ê¿À¼Î¢,2004-04-29,2.7879,2.7851,2.7851,2.5257,2.5367,2041590,38692403,-0.2512,-9.0108,18.9521,3.9261,966160000,N/A,3753903200,52000000,0,202040000,62.2186,7.3255,10.0811,70.2675,
600460.SH,Ê¿À¼Î¢,2004-04-30,2.5367,2.5244,2.6595,2.4616,2.5735,1184983,22267948,0.0369,1.4532,18.7918,2.2788,980200000,N/A,3808454000,52000000,0,202040000,63.1228,7.432,10.2276,71.2886,
600460.SH,Ê¿À¼Î¢,2004-05-10,2.5735,2.5394,2.5844,2.4848,2.5025,502705,9289180,-0.071,-2.7586,18.4784,0.9667,953160000,N/A,3703393200,52000000,0,202040000,61.3814,7.227,9.9455,69.322,
600460.SH,Ê¿À¼Î¢,2004-05-11,2.5025,2.4848,2.6336,2.4848,2.5967,814503,15400931,0.0942,3.7643,18.9084,1.5664,989040000,N/A,3842800800,52000000,0,202040000,63.692,7.499,10.3199,71.9315,
600460.SH,Ê¿À¼Î¢,2004-05-12,2.5967,2.5899,2.6991,2.5667,2.6868,806642,15719244,0.0901,3.47,19.4873,1.5512,1023360000,N/A,3976147200,52000000,0,202040000,65.9022,7.7592,10.678,74.4276,
600460.SH,Ê¿À¼Î¢,2004-05-13,2.6868,2.6868,2.7046,2.5981,2.695,525257,10255965,0.0082,0.3049,19.5256,1.0101,1026480000,N/A,3988269600,52000000,0,202040000,66.1031,7.7829,10.7105,74.6545,
600460.SH,Ê¿À¼Î¢,2004-05-14,2.695,2.6896,2.6896,2.6145,2.6336,417357,8073402,-0.0614,-2.2796,19.3441,0.8026,1003080000,N/A,3897351600,52000000,0,202040000,64.5962,7.6055,10.4664,72.9526,
600460.SH,Ê¿À¼Î¢,2004-05-17,2.6336,2.6145,2.7032,2.609,2.6705,345591,6686724,0.0369,1.3997,19.3487,0.6646,1017120000,N/A,3951902400,52000000,0,202040000,65.5003,7.7119,10.6128,73.9737,
600460.SH,Ê¿À¼Î¢,2004-05-18,2.6705,2.7101,2.7141,2.5667,2.6336,1015689,19569189,-0.0369,-1.3804,19.2669,1.9532,1003080000,N/A,3897351600,52000000,0,202040000,64.5962,7.6055,10.4664,72.9526,
600460.SH,Ê¿À¼Î¢,2004-05-19,2.6336,2.6227,2.6227,2.5257,2.5817,620557,11667790,-0.0519,-1.9699,18.8021,1.1934,983320000,N/A,3820576400,52000000,0,202040000,63.3237,7.4556,10.2602,71.5155,
600460.SH,Ê¿À¼Î¢,2004-05-20,2.5817,2.5271,2.5626,2.4821,2.4984,664865,12213433,-0.0833,-3.2258,18.3698,1.2786,951600000,N/A,3697332000,52000000,0,202040000,61.281,7.2151,9.9292,69.2085,
600460.SH,Ê¿À¼Î¢,2004-05-21,2.4984,2.4821,2.5162,2.31,2.3455,1401032,24367382,-0.1529,-6.1202,17.3925,2.6943,893360000,N/A,3471047200,52000000,0,202040000,57.5304,6.7736,9.3215,64.9728,
600460.SH,Ê¿À¼Î¢,2004-05-24,2.3455,2.3346,2.3783,2.28,2.3264,677057,11536542,-0.0191,-0.8149,17.0392,1.302,886080000,N/A,3442761600,52000000,0,202040000,57.0616,6.7184,9.2455,64.4434,
600460.SH,Ê¿À¼Î¢,2004-05-25,2.3264,2.295,2.3223,2.1981,2.2117,922060,15117806,-0.1147,-4.9296,16.3957,1.7732,842400000,N/A,3273048000,52000000,0,202040000,54.2487,6.3872,8.7898,61.2666,
600460.SH,Ê¿À¼Î¢,2004-05-26,2.2117,2.209,2.3483,2.1981,2.3032,761729,12870388,0.0915,4.1358,16.8963,1.4649,877240000,N/A,3408414800,52000000,0,202040000,56.4924,6.6513,9.1533,63.8004,
600460.SH,Ê¿À¼Î¢,2004-05-27,2.3032,2.3032,2.3619,2.2677,2.3524,573979,9797200,0.0491,2.134,17.0689,1.1038,895960000,N/A,3481149200,52000000,0,202040000,57.6979,6.7933,9.3486,65.1619,
600460.SH,Ê¿À¼Î¢,2004-05-28,2.3524,2.3483,2.3592,2.3073,2.3196,363487,6184886,-0.0328,-1.3929,17.0154,0.699,883480000,N/A,3432659600,52000000,0,202040000,56.8942,6.6986,9.2184,64.2543,
600460.SH,Ê¿À¼Î¢,2004-05-31,2.3196,2.3223,2.3483,2.2704,2.3483,461412,7769805,0.0287,1.236,16.8392,0.8873,894400000,N/A,3475088000,52000000,0,202040000,57.5974,6.7814,9.3324,65.0485,
600460.SH,Ê¿À¼Î¢,2004-06-01,2.3483,2.3592,2.5831,2.3592,2.5831,2911895,54470044,0.2348,10,18.706,5.5998,983840000,N/A,3822596800,52000000,0,202040000,63.3572,7.4596,10.2656,71.5533,
600460.SH,Ê¿À¼Î¢,2004-06-02,2.5831,2.624,2.7141,2.6077,2.6418,3330731,64916530,0.0587,2.2727,19.4902,6.4053,1006200000,N/A,3909474000,52000000,0,202040000,64.7971,7.6291,10.4989,73.1795,
600460.SH,Ê¿À¼Î¢,2004-06-03,2.6418,2.6418,2.6486,2.5107,2.553,1445242,27005811,-0.0887,-3.3592,18.686,2.7793,972400000,N/A,3778148000,52000000,0,202040000,62.6205,7.3728,10.1462,70.7213,
600460.SH,Ê¿À¼Î¢,2004-06-04,2.553,2.5503,2.5626,2.4575,2.538,716728,13209926,-0.015,-0.5882,18.4309,1.3783,966680000,N/A,3755923600,52000000,0,202040000,62.2521,7.3295,10.0865,70.3053,
600460.SH,Ê¿À¼Î¢,2004-06-07,2.538,2.4984,2.6008,2.4575,2.5872,613803,11360144,0.0491,1.9365,18.5078,1.1804,985400000,N/A,3828658000,52000000,0,202040000,63.4576,7.4714,10.2819,71.6668,
600460.SH,Ê¿À¼Î¢,2004-06-08,2.5872,2.5872,2.6773,2.5626,2.65,1307429,25023753,0.0628,2.4274,19.1397,2.5143,1009320000,N/A,3921596400,52000000,0,202040000,64.998,7.6528,10.5315,73.4064,
600460.SH,Ê¿À¼Î¢,2004-06-09,2.65,2.65,2.6759,2.523,2.549,835863,15929454,-0.101,-3.8125,19.0575,1.6074,970840000,N/A,3772086800,52000000,0,202040000,62.52,7.361,10.13,70.6078,
600460.SH,Ê¿À¼Î¢,2004-06-10,2.549,2.5394,2.6145,2.4943,2.5722,634668,11914888,0.0232,0.9106,18.7734,1.2205,979680000,N/A,3806433600,52000000,0,202040000,63.0893,7.428,10.2222,71.2508,
600460.SH,Ê¿À¼Î¢,2004-06-11,2.5722,2.5776,2.6445,2.5271,2.5367,610918,11608583,-0.0355,-1.38,19.0019,1.1748,966160000,N/A,3753903200,52000000,0,202040000,62.2186,7.3255,10.0811,70.2675,
600460.SH,Ê¿À¼Î¢,2004-06-14,2.5367,2.4984,2.5599,2.4507,2.4766,528451,9662130,-0.0601,-2.3681,18.2839,1.0163,943280000,N/A,3665005600,52000000,0,202040000,60.7452,7.152,9.8424,68.6034,
600460.SH,Ê¿À¼Î¢,2004-06-15,2.4766,2.4698,2.5189,2.3769,2.4643,694750,12431011,-0.0123,-0.4961,17.8928,1.3361,938600000,N/A,3646822000,52000000,0,202040000,60.4438,7.1166,9.7936,68.2631,
600460.SH,Ê¿À¼Î¢,2004-06-16,2.4643,2.5257,2.5257,2.4438,2.4684,402059,7288918,0.0041,0.1662,18.129,0.7732,940160000,N/A,3652883200,52000000,0,202040000,60.5443,7.1284,9.8098,68.3765,
600460.SH,Ê¿À¼Î¢,2004-06-17,2.4684,2.4684,2.4943,2.4302,2.4329,275143,4928295,-0.0355,-1.4381,17.9118,0.5291,926640000,N/A,3600352800,52000000,0,202040000,59.6736,7.0259,9.6688,67.3932,
600460.SH,Ê¿À¼Î¢,2004-06-18,2.4329,2.4438,2.4479,2.3742,2.3783,440065,7735238,-0.0546,-2.2447,17.5775,0.8463,905840000,N/A,3519536800,52000000,0,202040000,58.3341,6.8682,9.4517,65.8805,
600460.SH,Ê¿À¼Î¢,2004-06-21,2.3783,2.3715,2.4302,2.2936,2.4302,695471,12006625,0.0519,2.1814,17.264,1.3374,925600000,N/A,3596312000,52000000,0,202040000,59.6066,7.018,9.6579,67.3176,
600460.SH,Ê¿À¼Î¢,2004-06-22,2.4302,2.4315,2.5667,2.4029,2.4711,857567,15593879,0.041,1.6854,18.1839,1.6492,941200000,N/A,3656924000,52000000,0,202040000,60.6112,7.1363,9.8207,68.4522,
600460.SH,Ê¿À¼Î¢,2004-06-23,2.4711,2.4575,2.4848,2.4165,2.4807,348750,6259372,0.0096,0.3867,17.948,0.6707,944840000,N/A,3671066800,52000000,0,202040000,60.8456,7.1639,9.8587,68.7169,
600460.SH,Ê¿À¼Î¢,2004-06-24,2.4807,2.4807,2.5189,2.4602,2.4684,433196,7904095,-0.0123,-0.4953,18.246,0.8331,940160000,N/A,3652883200,52000000,0,202040000,60.5443,7.1284,9.8098,68.3765,
600460.SH,Ê¿À¼Î¢,2004-06-25,2.4684,2.4575,2.5053,2.3564,2.3797,607087,10798858,-0.0887,-3.5951,17.788,1.1675,906360000,N/A,3521557200,52000000,0,202040000,58.3676,6.8721,9.4572,65.9183,
600460.SH,Ê¿À¼Î¢,2004-06-28,2.3797,2.3728,2.3797,2.3073,2.3223,358435,6139396,-0.0573,-2.4096,17.1283,0.6893,884520000,N/A,3436700400,52000000,0,202040000,56.9612,6.7065,9.2293,64.3299,
600460.SH,Ê¿À¼Î¢,2004-06-29,2.3223,2.3278,2.3592,2.2117,2.3346,761352,12772827,0.0123,0.5291,16.7765,1.4641,889200000,N/A,3454884000,52000000,0,202040000,57.2626,6.742,9.2781,64.6703,
600460.SH,Ê¿À¼Î¢,2004-06-30,2.3346,2.3278,2.3578,2.2773,2.28,244899,4153609,-0.0546,-2.3392,16.9605,0.471,868400000,N/A,3374068000,52000000,0,202040000,55.9231,6.5843,9.0611,63.1575,
600460.SH,Ê¿À¼Î¢,2004-07-01,2.28,2.2773,2.3756,2.2322,2.3728,653725,11198567,0.0928,4.0719,17.1304,1.2572,903760000,N/A,3511455200,52000000,0,202040000,58.2002,6.8524,9.43,65.7292,
600460.SH,Ê¿À¼Î¢,2004-07-02,2.3728,2.3687,2.381,2.3346,2.3551,308047,5310846,-0.0177,-0.748,17.2404,0.5924,897000000,N/A,3485190000,52000000,0,202040000,57.7649,6.8011,9.3595,65.2376,
600460.SH,Ê¿À¼Î¢,2004-07-05,2.3551,2.3551,2.4165,2.321,2.4111,234099,4077683,0.056,2.3768,17.4186,0.4502,918320000,N/A,3568026400,52000000,0,202040000,59.1378,6.9628,9.5819,66.7881,
600460.SH,Ê¿À¼Î¢,2004-07-06,2.4111,2.4179,2.5449,2.4165,2.5012,915311,16788206,0.0901,3.7373,18.3415,1.7602,952640000,N/A,3701372800,52000000,0,202040000,61.3479,7.223,9.9401,69.2842,
600460.SH,Ê¿À¼Î¢,2004-07-07,2.5012,2.4848,2.553,2.4425,2.5107,841934,15603198,0.0096,0.3821,18.5326,1.6191,956280000,N/A,3715515600,52000000,0,202040000,61.5824,7.2506,9.978,69.5489,
600460.SH,Ê¿À¼Î¢,2004-07-08,2.5107,2.4984,2.538,2.4602,2.4943,439837,8050868,-0.0164,-0.6525,18.3042,0.8458,950040000,N/A,3691270800,52000000,0,202040000,61.1805,7.2033,9.9129,69.0951,
600460.SH,Ê¿À¼Î¢,2004-07-09,2.4943,2.4848,2.5244,2.4438,2.4547,270076,4908978,-0.0396,-1.5873,18.1763,0.5194,934960000,N/A,3632679200,52000000,0,202040000,60.2094,7.089,9.7556,67.9983,
600460.SH,Ê¿À¼Î¢,2004-07-12,2.4547,2.4315,2.4438,2.3046,2.3346,509805,8800234,-0.1201,-4.8943,17.262,0.9804,889200000,N/A,3454884000,52000000,0,202040000,57.2626,6.742,9.2781,64.6703,
600460.SH,Ê¿À¼Î¢,2004-07-13,2.3346,2.3346,2.3687,2.31,2.3278,382135,6510709,-0.0068,-0.2924,17.0377,0.7349,886600000,N/A,3444782000,52000000,0,202040000,57.0951,6.7223,9.251,64.4812,
600460.SH,Ê¿À¼Î¢,2004-07-14,2.3278,2.321,2.366,2.3087,2.3469,329307,5624319,0.0191,0.8211,17.0793,0.6333,893880000,N/A,3473067600,52000000,0,202040000,57.5639,6.7775,9.3269,65.0107,
600460.SH,Ê¿À¼Î¢,2004-07-15,2.3469,2.3769,2.4711,2.3373,2.4698,902388,15933595,0.1229,5.2356,17.6571,1.7354,940680000,N/A,3654903600,52000000,0,202040000,60.5778,7.1323,9.8153,68.4144,
600460.SH,Ê¿À¼Î¢,2004-07-16,2.4698,2.4752,2.6077,2.4752,2.5967,2361729,44425790,0.127,5.141,18.8107,4.5418,989040000,N/A,3842800800,52000000,0,202040000,63.692,7.499,10.3199,71.9315,
600460.SH,Ê¿À¼Î¢,2004-07-19,2.5967,2.5967,2.6268,2.5653,2.5804,838528,15960832,-0.0164,-0.6309,19.0343,1.6126,982800000,N/A,3818556000,52000000,0,202040000,63.2902,7.4517,10.2547,71.4777,
600460.SH,Ê¿À¼Î¢,2004-07-20,2.5804,2.5667,2.594,2.5257,2.5408,567239,10589495,-0.0396,-1.5344,18.6685,1.0908,967720000,N/A,3759964400,52000000,0,202040000,62.3191,7.3374,10.0974,70.3809,
600460.SH,Ê¿À¼Î¢,2004-07-21,2.5408,2.5394,2.6595,2.5394,2.6268,1344916,25841768,0.086,3.3853,19.2144,2.5864,1000480000,N/A,3887249600,52000000,0,202040000,64.4287,7.5857,10.4392,72.7635,
600460.SH,Ê¿À¼Î¢,2004-07-22,2.6268,2.6418,2.6623,2.4943,2.5025,976476,18354224,-0.1242,-4.7297,18.7964,1.8778,953160000,N/A,3703393200,52000000,0,202040000,61.3814,7.227,9.9455,69.322,
600460.SH,Ê¿À¼Î¢,2004-07-23,2.5025,2.4957,2.5326,2.437,2.5298,489585,8866082,0.0273,1.0911,18.1094,0.9415,963560000,N/A,3743801200,52000000,0,202040000,62.0512,7.3058,10.054,70.0784,
600460.SH,Ê¿À¼Î¢,2004-07-26,2.5298,2.4711,2.5094,2.4384,2.4643,393586,7123726,-0.0655,-2.5904,18.0995,0.7569,938600000,N/A,3646822000,52000000,0,202040000,60.4438,7.1166,9.7936,68.2631,
600460.SH,Ê¿À¼Î¢,2004-07-27,2.4643,2.4725,2.553,2.4438,2.4916,486516,8830008,0.0273,1.108,18.1495,0.9356,949000000,N/A,3687230000,52000000,0,202040000,61.1135,7.1954,9.9021,69.0195,
600460.SH,Ê¿À¼Î¢,2004-07-28,2.4916,2.5462,2.5462,2.4507,2.5135,341271,6204295,0.0218,0.8767,18.18,0.6563,957320000,N/A,3719556400,52000000,0,202040000,61.6493,7.2585,9.9889,69.6246,
600460.SH,Ê¿À¼Î¢,2004-07-29,2.5135,2.5094,2.5667,2.4984,2.5626,523007,9737030,0.0491,1.9555,18.6174,1.0058,976040000,N/A,3792290800,52000000,0,202040000,62.8549,7.4004,10.1842,70.986,
600460.SH,Ê¿À¼Î¢,2004-07-30,2.5626,2.5544,2.5667,2.4711,2.4725,384135,7049144,-0.0901,-3.5162,18.3507,0.7387,941720000,N/A,3658944400,52000000,0,202040000,60.6447,7.1402,9.8261,68.49,
600460.SH,Ê¿À¼Î¢,2004-08-02,2.4725,2.4684,2.4957,2.4575,2.4793,155898,2828061,0.0068,0.2761,18.1405,0.2998,944320000,N/A,3669046400,52000000,0,202040000,60.8122,7.1599,9.8532,68.6791,
600460.SH,Ê¿À¼Î¢,2004-08-03,2.4793,2.478,2.5626,2.4602,2.5298,519220,9630620,0.0505,2.0374,18.5482,0.9985,963560000,N/A,3743801200,52000000,0,202040000,62.0512,7.3058,10.054,70.0784,
600460.SH,Ê¿À¼Î¢,2004-08-04,2.5298,2.5257,2.5681,2.4998,2.553,749712,13985329,0.0232,0.9174,18.6543,1.4418,972400000,N/A,3778148000,52000000,0,202040000,62.6205,7.3728,10.1462,70.7213,
600460.SH,Ê¿À¼Î¢,2004-08-05,2.553,2.5517,2.5694,2.4793,2.4916,649130,11946989,-0.0614,-2.4064,18.4046,1.2483,949000000,N/A,3687230000,52000000,0,202040000,61.1135,7.1954,9.9021,69.0195,
600460.SH,Ê¿À¼Î¢,2004-08-06,2.4916,2.4848,2.5121,2.3278,2.4233,2177651,38076874,-0.0683,-2.7397,17.4853,4.1878,923000000,N/A,3586210000,52000000,0,202040000,59.4392,6.9983,9.6308,67.1285,
600460.SH,Ê¿À¼Î¢,2004-08-09,2.4233,2.4152,2.4152,2.3087,2.351,873147,15042894,-0.0724,-2.9859,17.2284,1.6791,895440000,N/A,3479128800,52000000,0,202040000,57.6644,6.7893,9.3432,65.1241,
600460.SH,Ê¿À¼Î¢,2004-08-10,2.351,2.4001,2.4165,2.3182,2.3592,687473,11803280,0.0082,0.3484,17.1691,1.3221,898560000,N/A,3491251200,52000000,0,202040000,57.8653,6.813,9.3758,65.351,
600460.SH,Ê¿À¼Î¢,2004-08-11,2.3592,2.3564,2.4015,2.3414,2.3687,492640,8530774,0.0096,0.4051,17.3164,0.9474,902200000,N/A,3505394000,52000000,0,202040000,58.0997,6.8406,9.4137,65.6158,
600460.SH,Ê¿À¼Î¢,2004-08-12,2.3687,2.351,2.3974,2.321,2.3455,447810,7744949,-0.0232,-0.9798,17.2952,0.8612,893360000,N/A,3471047200,52000000,0,202040000,57.5304,6.7736,9.3215,64.9728,
600460.SH,Ê¿À¼Î¢,2004-08-13,2.3455,2.3237,2.3742,2.3237,2.3414,228152,3919949,-0.0041,-0.1746,17.1813,0.4388,891800000,N/A,3464986000,52000000,0,202040000,57.43,6.7617,9.3052,64.8594,
600460.SH,Ê¿À¼Î¢,2004-08-16,2.3414,2.325,2.3414,2.239,2.31,641605,10662755,-0.0314,-1.3411,16.6189,1.2339,879840000,N/A,3418516800,52000000,0,202040000,56.6598,6.671,9.1804,63.9895,
600460.SH,Ê¿À¼Î¢,2004-08-17,2.31,2.2936,2.3128,2.2404,2.2814,143079,2390155,-0.0287,-1.2411,16.7051,0.2752,868920000,N/A,3376088400,52000000,0,202040000,55.9566,6.5882,9.0665,63.1953,
600460.SH,Ê¿À¼Î¢,2004-08-18,2.2814,2.28,2.3114,2.2445,2.25,344100,5718056,-0.0314,-1.3764,16.6174,0.6617,856960000,N/A,3329619200,52000000,0,202040000,55.1864,6.4976,8.9417,62.3255,
600460.SH,Ê¿À¼Î¢,2004-08-19,2.25,2.2527,2.2527,2.1025,2.1339,1068500,16695881,-0.116,-5.1578,15.6255,2.0548,812760000,N/A,3157885200,52000000,0,202040000,52.34,6.1624,8.4805,59.1109,
600460.SH,Ê¿À¼Î¢,2004-08-20,2.1339,2.1093,2.1162,1.9209,2.0056,2438365,35675242,-0.1283,-6.0141,14.6308,4.6892,763880000,N/A,2967967600,52000000,0,202040000,49.1922,5.7918,7.9705,55.5559,
600460.SH,Ê¿À¼Î¢,2004-08-23,2.0056,1.9933,1.9933,1.895,1.9114,1099108,15445690,-0.0942,-4.6971,14.0529,2.1137,728000000,N/A,2828560000,52000000,0,202040000,46.8816,5.5198,7.5961,52.9464,
600460.SH,Ê¿À¼Î¢,2004-08-24,1.9114,1.9155,1.966,1.9141,1.94,665674,9425790,0.0287,1.5,14.1598,1.2801,738920000,N/A,2870988400,52000000,0,202040000,47.5848,5.6026,7.7101,53.7406,
600460.SH,Ê¿À¼Î¢,2004-08-25,1.94,1.951,1.9633,1.9141,1.94,369900,5235336,0,0,14.1534,0.7113,738920000,N/A,2870988400,52000000,0,202040000,47.5848,5.6026,7.7101,53.7406,
600460.SH,Ê¿À¼Î¢,2004-08-26,1.94,1.9359,1.9496,1.9045,1.9114,472162,6648767,-0.0287,-1.4778,14.0815,0.908,728000000,N/A,2828560000,52000000,0,202040000,46.8816,5.5198,7.5961,52.9464,
600460.SH,Ê¿À¼Î¢,2004-08-27,1.9114,1.8841,1.9592,1.865,1.9059,604095,8354822,-0.0055,-0.2857,13.8303,1.1617,725920000,N/A,2820478400,52000000,0,202040000,46.7477,5.504,7.5744,52.7952,
600460.SH,Ê¿À¼Î¢,2004-08-30,1.9059,1.8718,1.91,1.8568,1.9073,225461,3120305,0.0014,0.0716,13.8397,0.4336,726440000,N/A,2822498800,52000000,0,202040000,46.7812,5.5079,7.5798,52.833,
600460.SH,Ê¿À¼Î¢,2004-08-31,1.9073,1.925,2.0056,1.925,1.9578,970283,13961208,0.0505,2.6485,14.3888,1.8659,745680000,N/A,2897253600,52000000,0,202040000,48.0202,5.6538,7.7806,54.2323,
600460.SH,Ê¿À¼Î¢,2004-09-01,1.9578,1.9578,1.9619,1.9291,1.9346,334100,4765798,-0.0232,-1.1855,14.2646,0.6425,736840000,N/A,2862906800,52000000,0,202040000,47.4509,5.5868,7.6883,53.5894,
600460.SH,Ê¿À¼Î¢,2004-09-02,1.9346,1.9319,1.9537,1.8977,1.9496,293574,4138409,0.015,0.7763,14.0966,0.5646,742560000,N/A,2885131200,52000000,0,202040000,47.8193,5.6302,7.748,54.0054,
600460.SH,Ê¿À¼Î¢,2004-09-03,1.9496,1.9455,1.9592,1.9387,1.9414,174189,2481975,-0.0082,-0.4202,14.2487,0.335,739440000,N/A,2873008800,52000000,0,202040000,47.6183,5.6065,7.7155,53.7784,
600460.SH,Ê¿À¼Î¢,2004-09-06,1.9414,1.9359,1.951,1.9182,1.9441,113217,1610459,0.0027,0.1406,14.2245,0.2177,740480000,N/A,2877049600,52000000,0,202040000,47.6853,5.6144,7.7263,53.8541,
600460.SH,Ê¿À¼Î¢,2004-09-07,1.9441,1.9455,2.0001,1.9359,1.9947,484938,6960017,0.0505,2.5983,14.3524,0.9326,759720000,N/A,2951804400,52000000,0,202040000,48.9243,5.7603,7.9271,55.2534,
600460.SH,Ê¿À¼Î¢,2004-09-08,1.9947,2.0001,2.0069,1.966,1.9906,205943,2998096,-0.0041,-0.2053,14.5579,0.396,758160000,N/A,2945743200,52000000,0,202040000,48.8239,5.7484,7.9108,55.1399,
600460.SH,Ê¿À¼Î¢,2004-09-09,1.9906,1.9673,1.9878,1.9523,1.9769,657676,9478828,-0.0137,-0.6859,14.4126,1.2648,752960000,N/A,2925539200,52000000,0,202040000,48.489,5.709,7.8565,54.7617,
600460.SH,Ê¿À¼Î¢,2004-09-10,1.9769,1.9646,1.9796,1.9387,1.9755,204677,2944293,-0.0014,-0.0691,14.3851,0.3936,752440000,N/A,2923518800,52000000,0,202040000,48.4555,5.7051,7.8511,54.7239,
600460.SH,Ê¿À¼Î¢,2004-09-13,1.9755,1.9755,1.9755,1.9755,1.9755,N/A,N/A,0,0,N/A,N/A,752440000,N/A,2923518800,52000000,0,202040000,48.4555,5.7051,7.8511,54.7239,
600460.SH,Ê¿À¼Î¢,2004-09-14,1.9755,1.9387,2.0179,1.8745,1.9714,844459,12150743,-0.0041,-0.2073,14.3888,1.624,750880000,N/A,2917457600,52000000,0,202040000,48.355,5.6933,7.8348,54.6105,
600460.SH,Ê¿À¼Î¢,2004-09-15,1.9714,1.9728,2.1271,1.9728,2.1052,1291469,19636155,0.1338,6.7867,15.2045,2.4836,801840000,N/A,3115456800,52000000,0,202040000,51.6368,6.0796,8.3666,58.3167,
600460.SH,Ê¿À¼Î¢,2004-09-16,2.1052,2.1025,2.2732,2.0957,2.2076,966260,15518979,0.1024,4.8638,16.0609,1.8582,840840000,N/A,3266986800,52000000,0,202040000,54.1483,6.3753,8.7735,61.1531,
600460.SH,Ê¿À¼Î¢,2004-09-17,2.2076,2.2104,2.2936,2.1585,2.2827,1258470,20465188,0.0751,3.4014,16.262,2.4201,869440000,N/A,3378108800,52000000,0,202040000,55.9901,6.5922,9.0719,63.2332,
600460.SH,Ê¿À¼Î¢,2004-09-20,2.2827,2.3005,2.4356,2.3005,2.4233,1734931,30343258,0.1406,6.1603,17.4896,3.3364,923000000,N/A,3586210000,52000000,0,202040000,59.4392,6.9983,9.6308,67.1285,
600460.SH,Ê¿À¼Î¢,2004-09-21,2.4233,2.4507,2.5094,2.351,2.4193,1931868,34722231,-0.0041,-0.169,17.9734,3.7151,921440000,N/A,3580148800,52000000,0,202040000,59.3387,6.9865,9.6145,67.0151,
600460.SH,Ê¿À¼Î¢,2004-09-22,2.4193,2.4015,2.452,2.321,2.3223,999408,17409585,-0.0969,-4.0068,17.4199,1.9219,884520000,N/A,3436700400,52000000,0,202040000,56.9612,6.7065,9.2293,64.3299,
600460.SH,Ê¿À¼Î¢,2004-09-23,2.3223,2.2964,2.4097,2.2773,2.4056,1367038,23358003,0.0833,3.5861,17.0866,2.6289,916240000,N/A,3559944800,52000000,0,202040000,59.0039,6.947,9.5602,66.6369,
600460.SH,Ê¿À¼Î¢,2004-09-24,2.4056,2.4575,2.553,2.3619,2.3783,2294648,41460903,-0.0273,-1.1351,18.0685,4.4128,905840000,N/A,3519536800,52000000,0,202040000,58.3341,6.8682,9.4517,65.8805,
600460.SH,Ê¿À¼Î¢,2004-09-27,2.3783,2.4302,2.4575,2.3428,2.3537,520049,9093931,-0.0246,-1.0333,17.4867,1.0001,896480000,N/A,3483169600,52000000,0,202040000,57.7314,6.7972,9.3541,65.1997,
600460.SH,Ê¿À¼Î¢,2004-09-28,2.3537,2.3756,2.3756,2.2745,2.3223,651546,11027880,-0.0314,-1.3341,16.9257,1.253,884520000,N/A,3436700400,52000000,0,202040000,56.9612,6.7065,9.2293,64.3299,
600460.SH,Ê¿À¼Î¢,2004-09-29,2.3223,2.3319,2.3469,2.2936,2.321,282530,4784791,-0.0014,-0.0588,16.9355,0.5433,884000000,N/A,3434680000,52000000,0,202040000,56.9277,6.7026,9.2238,64.2921,
600460.SH,Ê¿À¼Î¢,2004-09-30,2.321,2.3278,2.3291,2.2527,2.2568,633424,10551060,-0.0642,-2.7647,16.6572,1.2181,859560000,N/A,3339721200,52000000,0,202040000,55.3538,6.5173,8.9688,62.5146,
600460.SH,Ê¿À¼Î¢,2004-10-08,2.2568,2.1981,2.3455,2.1981,2.3346,639822,10563599,0.0778,3.4483,16.5102,1.2304,889200000,N/A,3454884000,52000000,0,202040000,57.2626,6.742,9.2781,64.6703,
600460.SH,Ê¿À¼Î¢,2004-10-11,2.3346,2.4274,2.5681,2.3728,2.4684,6903009,127065160,0.1338,5.731,18.4072,13.275,940160000,N/A,3652883200,52000000,0,202040000,60.5443,7.1284,9.8098,68.3765,
600460.SH,Ê¿À¼Î¢,2004-10-12,2.4684,2.4575,2.4575,2.3619,2.3824,1603290,28136497,-0.086,-3.4845,17.5492,3.0833,907400000,N/A,3525598000,52000000,0,202040000,58.4346,6.88,9.468,65.9939,
600460.SH,Ê¿À¼Î¢,2004-10-13,2.3824,2.3824,2.4247,2.3483,2.4111,1289150,22595339,0.0287,1.2034,17.5273,2.4791,918320000,N/A,3568026400,52000000,0,202040000,59.1378,6.9628,9.5819,66.7881,
600460.SH,Ê¿À¼Î¢,2004-10-14,2.4111,2.4274,2.4302,2.1981,2.2145,1676316,28181055,-0.1966,-8.154,16.8113,3.2237,843440000,N/A,3277088800,52000000,0,202040000,54.3157,6.3951,8.8006,61.3422,
600460.SH,Ê¿À¼Î¢,2004-10-15,2.2145,2.2131,2.2527,2.0479,2.1571,1191139,18616217,-0.0573,-2.5894,15.6289,2.2907,821600000,N/A,3192232000,52000000,0,202040000,52.9093,6.2295,8.5728,59.7538,
600460.SH,Ê¿À¼Î¢,2004-10-18,2.1571,2.1817,2.1844,2.0752,2.1366,698350,10825587,-0.0205,-0.9494,15.5017,1.343,813800000,N/A,3161926000,52000000,0,202040000,52.407,6.1703,8.4914,59.1865,
600460.SH,Ê¿À¼Î¢,2004-10-19,2.1366,2.1366,2.1803,2.0342,2.0424,2560220,39082854,-0.0942,-4.4089,15.2654,4.9235,777920000,N/A,3022518400,52000000,0,202040000,50.0964,5.8983,8.117,56.577,
600460.SH,Ê¿À¼Î¢,2004-10-20,2.0424,2.0329,2.0616,1.966,2.0575,1032712,15072368,0.015,0.7353,14.5949,1.986,783640000,N/A,3044742800,52000000,0,202040000,50.4647,5.9416,8.1767,56.993,
600460.SH,Ê¿À¼Î¢,2004-10-21,2.0575,2.0616,2.082,1.9987,2.0069,765029,11438548,-0.0505,-2.4552,14.9518,1.4712,764400000,N/A,2969988000,52000000,0,202040000,49.2257,5.7958,7.9759,55.5938,
600460.SH,Ê¿À¼Î¢,2004-10-22,2.0069,2.0001,2.0465,1.8677,2.0452,2748165,38853442,0.0382,1.9048,14.138,5.2849,778960000,N/A,3026559200,52000000,0,202040000,50.1633,5.9062,8.1278,56.6527,
600460.SH,Ê¿À¼Î¢,2004-10-25,2.0452,1.9523,1.981,1.895,1.9127,2225927,31332875,-0.1324,-6.4753,14.0763,4.2806,728520000,N/A,2830580400,52000000,0,202040000,46.9151,5.5237,7.6015,52.9842,
600460.SH,Ê¿À¼Î¢,2004-10-26,1.9127,1.8991,1.9387,1.8854,1.9223,767210,10752621,0.0096,0.4996,14.0152,1.4754,732160000,N/A,2844723200,52000000,0,202040000,47.1495,5.5513,7.6395,53.249,
600460.SH,Ê¿À¼Î¢,2004-10-27,1.9223,1.9387,1.9742,1.9209,1.94,1489086,21264104,0.0177,0.9233,14.28,2.8636,738920000,N/A,2870988400,52000000,0,202040000,47.5848,5.6026,7.7101,53.7406,
600460.SH,Ê¿À¼Î¢,2004-10-28,1.94,1.9373,2.0138,1.9018,1.9933,2302409,33225553,0.0532,2.7445,14.4308,4.4277,759200000,N/A,2949784000,52000000,0,202040000,48.8908,5.7563,7.9217,55.2156,
600460.SH,Ê¿À¼Î¢,2004-10-29,1.9933,1.9359,1.9824,1.8841,1.9387,1273229,18158787,-0.0546,-2.7397,14.262,2.4485,738400000,N/A,2868968000,52000000,0,202040000,47.5514,5.5986,7.7046,53.7028,
600460.SH,Ê¿À¼Î¢,2004-11-01,1.9387,1.925,1.9469,1.9045,1.9086,848600,11921381,-0.03,-1.5493,14.0483,1.6319,726960000,N/A,2824519200,52000000,0,202040000,46.8146,5.5119,7.5853,52.8708,
600460.SH,Ê¿À¼Î¢,2004-11-02,1.9086,1.9114,1.9728,1.9045,1.9592,1120199,16024978,0.0505,2.6466,14.3055,2.1542,746200000,N/A,2899274000,52000000,0,202040000,48.0537,5.6578,7.786,54.2701,
600460.SH,Ê¿À¼Î¢,2004-11-03,1.9592,1.966,2.0315,1.9619,2.0288,1279091,18763722,0.0696,3.554,14.6696,2.4598,772720000,N/A,3002314400,52000000,0,202040000,49.7615,5.8588,8.0627,56.1989,
600460.SH,Ê¿À¼Î¢,2004-11-04,2.0288,2.0288,2.0342,1.9537,1.9633,935051,13655526,-0.0655,-3.2301,14.604,1.7982,747760000,N/A,2905335200,52000000,0,202040000,48.1541,5.6696,7.8023,54.3835,
600460.SH,Ê¿À¼Î¢,2004-11-05,1.9633,1.966,2.037,1.9523,2.0192,1319117,19420183,0.056,2.8512,14.7221,2.5368,769080000,N/A,2988171600,52000000,0,202040000,49.5271,5.8312,8.0247,55.9341,
600460.SH,Ê¿À¼Î¢,2004-11-08,2.0192,2.0233,2.0274,1.9837,2.0069,309560,4541185,-0.0123,-0.6085,14.6698,0.5953,764400000,N/A,2969988000,52000000,0,202040000,49.2257,5.7958,7.9759,55.5938,
600460.SH,Ê¿À¼Î¢,2004-11-09,2.0069,2.0069,2.0069,1.9523,1.9769,545200,7874508,-0.03,-1.4966,14.4433,1.0485,752960000,N/A,2925539200,52000000,0,202040000,48.489,5.709,7.8565,54.7617,
600460.SH,Ê¿À¼Î¢,2004-11-10,1.9769,2.0124,2.0957,1.9592,2.0807,1246366,18693887,0.1038,5.2486,14.9987,2.3969,792480000,N/A,3079089600,52000000,0,202040000,51.034,6.0087,8.2689,57.636,
600460.SH,Ê¿À¼Î¢,2004-11-11,2.0807,2.1162,2.1844,2.037,2.0397,1709269,26741921,-0.041,-1.9685,15.6452,3.2871,776880000,N/A,3018477600,52000000,0,202040000,50.0294,5.8904,8.1061,56.5014,
600460.SH,Ê¿À¼Î¢,2004-11-12,2.0397,2.0411,2.0752,2.0179,2.0342,581400,8718855,-0.0055,-0.2677,14.9963,1.1181,774800000,N/A,3010396000,52000000,0,202040000,49.8954,5.8746,8.0844,56.3501,
600460.SH,Ê¿À¼Î¢,2004-11-15,2.0342,2.0479,2.0697,2.0206,2.0479,606792,9037489,0.0137,0.6711,14.8939,1.1669,780000000,N/A,3030600000,52000000,0,202040000,50.2303,5.914,8.1387,56.7283,
600460.SH,Ê¿À¼Î¢,2004-11-16,2.0479,2.0848,2.0957,2.0616,2.0752,529795,8046028,0.0273,1.3333,15.1871,1.0188,790400000,N/A,3071008000,52000000,0,202040000,50.9,5.9929,8.2472,57.4847,
600460.SH,Ê¿À¼Î¢,2004-11-17,2.0752,2.0752,2.0752,2.0138,2.0206,689316,10255311,-0.0546,-2.6316,14.8775,1.3256,769600000,N/A,2990192000,52000000,0,202040000,49.5606,5.8352,8.0302,55.9719,
600460.SH,Ê¿À¼Î¢,2004-11-18,2.0206,2.0206,2.0479,1.9987,2.0342,362855,5382790,0.0137,0.6757,14.8345,0.6978,774800000,N/A,3010396000,52000000,0,202040000,49.8954,5.8746,8.0844,56.3501,
600460.SH,Ê¿À¼Î¢,2004-11-19,2.0342,2.0465,2.0547,2.0083,2.0261,619075,9221446,-0.0082,-0.4027,14.8955,1.1905,771680000,N/A,2998273600,52000000,0,202040000,49.6945,5.851,8.0519,56.1232,
600460.SH,Ê¿À¼Î¢,2004-11-22,2.0261,2.0274,2.0561,2.0124,2.0465,464575,6917591,0.0205,1.0108,14.8901,0.8934,779480000,N/A,3028579600,52000000,0,202040000,50.1968,5.9101,8.1333,56.6905,
600460.SH,Ê¿À¼Î¢,2004-11-23,2.0465,2.0465,2.0465,2.0192,2.022,293800,4356028,-0.0246,-1.2008,14.8265,0.565,770120000,N/A,2992212400,52000000,0,202040000,49.5941,5.8391,8.0356,56.0098,
600460.SH,Ê¿À¼Î¢,2004-11-24,2.022,2.0233,2.1571,2.0233,2.1325,2829778,44253204,0.1106,5.4693,15.6384,5.4419,812240000,N/A,3155864800,52000000,0,202040000,52.3065,6.1585,8.4751,59.0731,
600460.SH,Ê¿À¼Î¢,2004-11-25,2.1325,2.1353,2.1585,2.0479,2.0807,958639,14722862,-0.0519,-2.4328,15.3581,1.8435,792480000,N/A,3079089600,52000000,0,202040000,51.034,6.0087,8.2689,57.636,
600460.SH,Ê¿À¼Î¢,2004-11-26,2.0807,2.0752,2.0916,2.0588,2.067,411826,6235424,-0.0137,-0.6562,15.1409,0.792,787280000,N/A,3058885600,52000000,0,202040000,50.6991,5.9692,8.2146,57.2578,
600460.SH,Ê¿À¼Î¢,2004-11-29,2.067,2.067,2.067,1.9796,1.981,630162,9287150,-0.086,-4.1612,14.7377,1.2119,754520000,N/A,2931600400,52000000,0,202040000,48.5895,5.7209,7.8728,54.8752,
600460.SH,Ê¿À¼Î¢,2004-11-30,1.981,1.9523,1.9933,1.9523,1.9865,602622,8695619,0.0055,0.2757,14.4296,1.1589,756600000,N/A,2939682000,52000000,0,202040000,48.7234,5.7366,7.8945,55.0265,
600460.SH,Ê¿À¼Î¢,2004-12-01,1.9865,1.9865,1.9933,1.9633,1.966,303700,4383088,-0.0205,-1.0309,14.4323,0.584,748800000,N/A,2909376000,52000000,0,202040000,48.2211,5.6775,7.8131,54.4592,
600460.SH,Ê¿À¼Î¢,2004-12-02,1.966,1.9633,1.9701,1.9127,1.9673,429089,6075768,0.0014,0.0694,14.1597,0.8252,749320000,N/A,2911396400,52000000,0,202040000,48.2546,5.6814,7.8186,54.497,
600460.SH,Ê¿À¼Î¢,2004-12-03,1.9673,1.9824,2.0001,1.9523,1.9619,392030,5661505,-0.0055,-0.2776,14.4415,0.7539,747240000,N/A,2903314800,52000000,0,202040000,48.1206,5.6657,7.7969,54.3457,
600460.SH,Ê¿À¼Î¢,2004-12-06,1.9619,1.966,1.9673,1.9319,1.9578,368410,5248536,-0.0041,-0.2088,14.2465,0.7085,745680000,N/A,2897253600,52000000,0,202040000,48.0202,5.6538,7.7806,54.2323,
600460.SH,Ê¿À¼Î¢,2004-12-07,1.9578,1.9633,1.9633,1.925,1.9359,277600,3943664,-0.0218,-1.1158,14.2063,0.5338,737360000,N/A,2864927200,52000000,0,202040000,47.4844,5.5907,7.6938,53.6272,
600460.SH,Ê¿À¼Î¢,2004-12-08,1.9359,1.925,1.9892,1.925,1.9414,209983,2988458,0.0055,0.2821,14.2319,0.4038,739440000,N/A,2873008800,52000000,0,202040000,47.6183,5.6065,7.7155,53.7784,
600460.SH,Ê¿À¼Î¢,2004-12-09,1.9414,1.9387,1.9796,1.925,1.966,352448,5059269,0.0246,1.2658,14.3547,0.6778,748800000,N/A,2909376000,52000000,0,202040000,48.2211,5.6775,7.8131,54.4592,
600460.SH,Ê¿À¼Î¢,2004-12-10,1.966,1.966,1.966,1.9278,1.9359,229565,3258826,-0.03,-1.5278,14.1957,0.4415,737360000,N/A,2864927200,52000000,0,202040000,47.4844,5.5907,7.6938,53.6272,
600460.SH,Ê¿À¼Î¢,2004-12-13,1.9359,1.9332,1.9387,1.9114,1.925,175183,2466864,-0.0109,-0.5642,14.0816,0.3369,733200000,N/A,2848764000,52000000,0,202040000,47.2165,5.5592,7.6504,53.3246,
600460.SH,Ê¿À¼Î¢,2004-12-14,1.925,1.9114,1.9291,1.9114,1.9127,227611,3194804,-0.0123,-0.6383,14.0362,0.4377,728520000,N/A,2830580400,52000000,0,202040000,46.9151,5.5237,7.6015,52.9842,
600460.SH,Ê¿À¼Î¢,2004-12-15,1.9127,1.8991,1.9346,1.8977,1.9223,257751,3595333,0.0096,0.4996,13.9489,0.4957,732160000,N/A,2844723200,52000000,0,202040000,47.1495,5.5513,7.6395,53.249,
600460.SH,Ê¿À¼Î¢,2004-12-16,1.9223,1.9127,1.9223,1.8964,1.8977,185200,2586059,-0.0246,-1.2784,13.9636,0.3562,722800000,N/A,2808356000,52000000,0,202040000,46.5468,5.4803,7.5419,52.5682,
600460.SH,Ê¿À¼Î¢,2004-12-17,1.8977,1.8977,1.9114,1.8772,1.8827,217650,3005049,-0.015,-0.7914,13.8068,0.4186,717080000,N/A,2786131600,52000000,0,202040000,46.1784,5.437,7.4822,52.1522,
600460.SH,Ê¿À¼Î¢,2004-12-20,1.8827,1.8704,1.9455,1.8704,1.9264,348674,4907364,0.0437,2.3205,14.0744,0.6705,733720000,N/A,2850784400,52000000,0,202040000,47.25,5.5631,7.6558,53.3624,
600460.SH,Ê¿À¼Î¢,2004-12-21,1.9264,1.9359,1.9592,1.8854,1.8964,156500,2206831,-0.03,-1.5592,14.1012,0.301,722280000,N/A,2806335600,52000000,0,202040000,46.5133,5.4764,7.5364,52.5304,
600460.SH,Ê¿À¼Î¢,2004-12-22,1.8964,1.9237,1.9592,1.9018,1.9469,461378,6543743,0.0505,2.6638,14.183,0.8873,741520000,N/A,2881090400,52000000,0,202040000,47.7523,5.6223,7.7372,53.9297,
600460.SH,Ê¿À¼Î¢,2004-12-23,1.9469,1.9523,1.9619,1.8991,1.9045,208200,2949262,-0.0423,-2.1739,14.1655,0.4004,725400000,N/A,2818458000,52000000,0,202040000,46.7142,5.5001,7.569,52.7573,
600460.SH,Ê¿À¼Î¢,2004-12-24,1.9045,1.9059,1.9319,1.8841,1.9114,332894,4645823,0.0068,0.3584,13.9559,0.6402,728000000,N/A,2828560000,52000000,0,202040000,46.8816,5.5198,7.5961,52.9464,
600460.SH,Ê¿À¼Î¢,2004-12-27,1.9114,1.9414,1.9414,1.8841,1.8923,187979,2607822,-0.0191,-1,13.8729,0.3615,720720000,N/A,2800274400,52000000,0,202040000,46.4128,5.4646,7.5201,52.417,
600460.SH,Ê¿À¼Î¢,2004-12-28,1.8923,1.8977,1.91,1.8704,1.8882,154467,2135489,-0.0041,-0.2165,13.8249,0.2971,719160000,N/A,2794213200,52000000,0,202040000,46.3123,5.4527,7.5039,52.3035,
600460.SH,Ê¿À¼Î¢,2004-12-29,1.8882,1.8882,1.8882,1.7489,1.7585,702500,9336229,-0.1297,-6.8691,13.29,1.351,669760000,N/A,2602275200,52000000,0,202040000,43.1311,5.0782,6.9884,48.7107,
600460.SH,Ê¿À¼Î¢,2004-12-30,1.7585,1.7407,1.7407,1.5823,1.652,3760491,44435935,-0.1065,-6.0559,11.8165,7.2317,629200000,N/A,2444684000,52000000,0,202040000,40.5191,4.7707,6.5652,45.7608,
600460.SH,Ê¿À¼Î¢,2004-12-31,1.652,1.6096,1.6383,1.5851,1.6247,1407860,16538310,-0.0273,-1.6529,11.7471,2.7074,618800000,N/A,2404276000,52000000,0,202040000,39.8494,4.6918,6.4567,45.0045,
600460.SH,Ê¿À¼Î¢,2005-01-04,1.6247,1.611,1.6206,1.5673,1.5701,659661,7591929,-0.0546,-3.3613,11.5088,1.2686,598000000,N/A,2323460000,52000000,0,202040000,33.407,4.1355,4.6076,121.0024,
600460.SH,Ê¿À¼Î¢,2005-01-05,1.5701,1.5701,1.6178,1.4881,1.5933,883327,10113153,0.0232,1.4783,11.4489,1.6987,606840000,N/A,2357806800,52000000,0,202040000,33.9009,4.1967,4.6757,122.7911,
600460.SH,Ê¿À¼Î¢,2005-01-06,1.5933,1.5632,1.6069,1.5359,1.5864,636220,7347703,-0.0068,-0.4284,11.549,1.2235,604240000,N/A,2347704800,52000000,0,202040000,33.7556,4.1787,4.6557,122.265,
600460.SH,Ê¿À¼Î¢,2005-01-07,1.5864,1.5946,1.6451,1.5578,1.6151,333800,3944711,0.0287,1.8072,11.8176,0.6419,615160000,N/A,2390133200,52000000,0,202040000,34.3657,4.2542,4.7398,124.4746,
600460.SH,Ê¿À¼Î¢,2005-01-10,1.6151,1.5987,1.6137,1.5919,1.6096,349703,4098052,-0.0055,-0.3381,11.7187,0.6725,613080000,N/A,2382051600,52000000,0,202040000,34.2495,4.2398,4.7238,124.0538,
600460.SH,Ê¿À¼Î¢,2005-01-11,1.6096,1.6124,1.6451,1.6124,1.6438,720806,8638367,0.0341,2.1204,11.9843,1.3862,626080000,N/A,2432561600,52000000,0,202040000,34.9757,4.3297,4.824,126.6842,
600460.SH,Ê¿À¼Î¢,2005-01-12,1.6438,1.6397,1.641,1.626,1.641,506100,6049437,-0.0027,-0.1661,11.953,0.9733,625040000,N/A,2428520800,52000000,0,202040000,34.9176,4.3225,4.816,126.4738,
600460.SH,Ê¿À¼Î¢,2005-01-13,1.641,1.641,1.641,1.6001,1.6178,655906,7753434,-0.0232,-1.4143,11.821,1.2614,616200000,N/A,2394174000,52000000,0,202040000,34.4238,4.2614,4.7479,124.6851,
600460.SH,Ê¿À¼Î¢,2005-01-14,1.6178,1.6178,1.652,1.5974,1.6274,945300,11237518,0.0096,0.5907,11.8878,1.8179,619840000,N/A,2408316800,52000000,0,202040000,34.6271,4.2866,4.7759,125.4216,
600460.SH,Ê¿À¼Î¢,2005-01-17,1.6274,1.611,1.611,1.5564,1.5673,324900,3748172,-0.0601,-3.6913,11.5364,0.6248,596960000,N/A,2319419200,52000000,0,202040000,33.3489,4.1284,4.5996,120.792,
600460.SH,Ê¿À¼Î¢,2005-01-18,1.5673,1.5496,1.5619,1.5045,1.5496,333242,3730025,-0.0177,-1.1324,11.1931,0.6409,590200000,N/A,2293154000,52000000,0,202040000,32.9713,4.0816,4.5475,119.4241,
600460.SH,Ê¿À¼Î¢,2005-01-19,1.5496,1.5182,1.5346,1.5073,1.5182,233181,2591177,-0.0314,-2.0264,11.1123,0.4484,578240000,N/A,2246684800,52000000,0,202040000,32.3031,3.9989,4.4554,117.0041,
600460.SH,Ê¿À¼Î¢,2005-01-20,1.5182,1.5318,1.5318,1.4881,1.4895,427579,4687997,-0.0287,-1.8885,10.964,0.8223,567320000,N/A,2204256400,52000000,0,202040000,31.6931,3.9234,4.3712,114.7944,
600460.SH,Ê¿À¼Î¢,2005-01-21,1.4895,1.4827,1.5428,1.4144,1.5154,526247,5744160,0.0259,1.7415,10.9153,1.012,577200000,N/A,2242644000,52000000,0,202040000,32.245,3.9917,4.4474,116.7936,
600460.SH,Ê¿À¼Î¢,2005-01-24,1.5154,1.5701,1.6042,1.5387,1.5892,796283,9161547,0.0737,4.8649,11.5054,1.5313,605280000,N/A,2351745600,52000000,0,202040000,33.8137,4.1859,4.6637,122.4755,
600460.SH,Ê¿À¼Î¢,2005-01-25,1.5892,1.5864,1.5864,1.5059,1.5468,326042,3690338,-0.0423,-2.6632,11.3186,0.627,589160000,N/A,2289113200,52000000,0,202040000,32.9132,4.0744,4.5395,119.2137,
600460.SH,Ê¿À¼Î¢,2005-01-26,1.5468,1.5154,1.5414,1.5086,1.5168,160350,1787985,-0.03,-1.9417,11.1505,0.3084,577720000,N/A,2244664400,52000000,0,202040000,32.2741,3.9953,4.4514,116.8988,
600460.SH,Ê¿À¼Î¢,2005-01-27,1.5168,1.5018,1.5018,1.4581,1.4854,298431,3216102,-0.0314,-2.0702,10.7767,0.5739,565760000,N/A,2198195200,52000000,0,202040000,31.606,3.9126,4.3592,114.4788,
600460.SH,Ê¿À¼Î¢,2005-01-28,1.4854,1.4677,1.4854,1.4171,1.4253,317947,3342783,-0.0601,-4.0441,10.5136,0.6114,542880000,N/A,2109297600,52000000,0,202040000,30.3278,3.7544,4.1829,109.8491,
600460.SH,Ê¿À¼Î¢,2005-01-31,1.4253,1.4185,1.4185,1.3653,1.3885,470017,4760229,-0.0369,-2.5862,10.1278,0.9039,528840000,N/A,2054746800,52000000,0,202040000,29.5434,3.6573,4.0747,107.0082,
600460.SH,Ê¿À¼Î¢,2005-02-01,1.3885,1.3885,1.4103,1.3789,1.3857,238250,2424036,-0.0027,-0.1967,10.1743,0.4582,527800000,N/A,2050706000,52000000,0,202040000,29.4853,3.6501,4.0667,106.7978,
600460.SH,Ê¿À¼Î¢,2005-02-02,1.3857,1.3857,1.525,1.3857,1.525,1919363,21187346,0.1393,10.0493,11.0387,3.6911,580840000,N/A,2256786800,52000000,0,202040000,32.4484,4.0169,4.4754,117.5302,
600460.SH,Ê¿À¼Î¢,2005-02-03,1.525,1.54,1.5755,1.5045,1.5619,1703198,19355202,0.0369,2.4172,11.364,3.2754,594880000,N/A,2311337600,52000000,0,202040000,33.2327,4.114,4.5836,120.3711,
600460.SH,Ê¿À¼Î¢,2005-02-04,1.5619,1.5564,1.7066,1.5086,1.6615,1611859,18576173,0.0997,6.3811,11.5247,3.0997,632840000,N/A,2458826800,52000000,0,202040000,35.3534,4.3765,4.8761,128.0521,
600460.SH,Ê¿À¼Î¢,2005-02-16,1.6615,1.6615,1.7612,1.6615,1.7189,1599192,20249838,0.0573,3.4511,12.6625,3.0754,654680000,N/A,2543683600,52000000,0,202040000,36.5734,4.5275,5.0443,132.4713,
600460.SH,Ê¿À¼Î¢,2005-02-17,1.7189,1.712,1.7735,1.6861,1.7585,973375,12371097,0.0396,2.3034,12.7095,1.8719,669760000,N/A,2602275200,52000000,0,202040000,37.4159,4.6318,5.1605,135.5227,
600460.SH,Ê¿À¼Î¢,2005-02-18,1.7585,1.7557,1.809,1.7339,1.7475,1659695,21518965,-0.0109,-0.6211,12.9656,3.1917,665600000,N/A,2586112000,52000000,0,202040000,37.1835,4.603,5.1285,134.6809,
600460.SH,Ê¿À¼Î¢,2005-02-21,1.7475,1.7339,1.9209,1.7202,1.9155,2275601,30781020,0.1679,9.6094,13.5265,4.3762,729560000,N/A,2834621200,52000000,0,202040000,40.7566,5.0454,5.6213,147.6229,
600460.SH,Ê¿À¼Î¢,2005-02-22,1.9155,1.9114,2.0616,1.8909,2.0138,4444310,65478781,0.0983,5.1319,14.7332,8.5467,767000000,N/A,2980090000,52000000,0,202040000,42.8481,5.3043,5.9098,155.1987,
600460.SH,Ê¿À¼Î¢,2005-02-23,2.0138,2.0138,2.0998,1.9796,2.0697,2037767,30427712,0.056,2.7797,14.9319,3.9188,788320000,N/A,3062926400,52000000,0,202040000,44.0392,5.4517,6.0741,159.5127,
600460.SH,Ê¿À¼Î¢,2005-02-24,2.0697,2.052,2.052,2.0015,2.0179,1170423,17296401,-0.0519,-2.5066,14.7779,2.2508,768560000,N/A,2986151200,52000000,0,202040000,42.9353,5.3151,5.9218,155.5144,
600460.SH,Ê¿À¼Î¢,2005-02-25,2.0179,2.0179,2.108,2.0069,2.0192,1583255,23837878,0.0014,0.0677,15.0562,3.0447,769080000,N/A,2988171600,52000000,0,202040000,42.9643,5.3187,5.9258,155.6196,
600460.SH,Ê¿À¼Î¢,2005-02-28,2.0192,2.0192,2.0383,1.9387,1.9783,1160788,16961036,-0.041,-2.0284,14.6117,2.2323,753480000,N/A,2927559600,52000000,0,202040000,42.0929,5.2108,5.8056,152.463,
600460.SH,Ê¿À¼Î¢,2005-03-01,1.9783,1.9633,2.0288,1.9633,2.0097,681941,10017640,0.0314,1.5873,14.6899,1.3114,765440000,N/A,2974028800,52000000,0,202040000,42.761,5.2935,5.8978,154.8831,
600460.SH,Ê¿À¼Î¢,2005-03-02,2.0097,2.0001,2.0302,1.9633,1.9714,543815,7916756,-0.0382,-1.9022,14.5578,1.0458,750880000,N/A,2917457600,52000000,0,202040000,41.9476,5.1928,5.7856,151.9369,
600460.SH,Ê¿À¼Î¢,2005-03-03,1.9714,1.9728,1.9824,1.8854,1.9346,832124,11709593,-0.0369,-1.8698,14.0719,1.6002,736840000,N/A,2862906800,52000000,0,202040000,41.1633,5.0957,5.6774,149.096,
600460.SH,Ê¿À¼Î¢,2005-03-04,1.9346,1.9114,1.9592,1.8977,1.9332,430159,6068377,-0.0014,-0.0706,14.1073,0.8272,736320000,N/A,2860886400,52000000,0,202040000,41.1342,5.0921,5.6734,148.9908,
600460.SH,Ê¿À¼Î¢,2005-03-07,1.9332,1.9114,2.1134,1.9114,2.0697,1598741,24029443,0.1365,7.0621,15.0302,3.0745,788320000,N/A,3062926400,52000000,0,202040000,44.0392,5.4517,6.0741,159.5127,
600460.SH,Ê¿À¼Î¢,2005-03-08,2.0697,2.1162,2.123,2.0383,2.1162,1480172,22633102,0.0464,2.2427,15.2909,2.8465,806000000,N/A,3131620000,52000000,0,202040000,45.0269,5.574,6.2103,163.0902,
600460.SH,Ê¿À¼Î¢,2005-03-09,2.1162,2.1025,2.1817,2.0889,2.1735,1519783,23836385,0.0573,2.7097,15.6841,2.9227,827840000,N/A,3216476800,52000000,0,202040000,46.2469,5.725,6.3786,167.5094,
600460.SH,Ê¿À¼Î¢,2005-03-10,2.1735,2.1735,2.2582,2.1175,2.1926,1813533,29282257,0.0191,0.8794,16.1465,3.4876,835120000,N/A,3244762400,52000000,0,202040000,46.6536,5.7754,6.4346,168.9825,
600460.SH,Ê¿À¼Î¢,2005-03-11,2.1926,2.1981,2.2117,2.1203,2.2049,980553,15556620,0.0123,0.5604,15.8651,1.8857,839800000,N/A,3262946000,52000000,0,202040000,46.9151,5.8077,6.4707,169.9294,
600460.SH,Ê¿À¼Î¢,2005-03-14,2.2049,2.1913,2.4001,2.1844,2.3592,3436818,57649058,0.1543,6.9969,16.774,6.6093,898560000,N/A,3491251200,52000000,0,202040000,50.1977,6.2141,6.9235,181.8192,
600460.SH,Ê¿À¼Î¢,2005-03-15,2.3592,2.3592,2.4274,2.3223,2.3373,2068196,35991035,-0.0218,-0.9259,17.4021,3.9773,890240000,N/A,3458924800,52000000,0,202040000,49.7329,6.1566,6.8594,180.1357,
600460.SH,Ê¿À¼Î¢,2005-03-16,2.3373,2.3196,2.3756,2.2663,2.3264,1764618,29930025,-0.0109,-0.4673,16.9612,3.3935,886080000,N/A,3442761600,52000000,0,202040000,49.5005,6.1278,6.8273,179.294,
600460.SH,Ê¿À¼Î¢,2005-03-17,2.3264,2.3264,2.3619,2.2527,2.3305,2103648,35567459,0.0041,0.1761,16.9075,4.0455,887640000,N/A,3448822800,52000000,0,202040000,49.5877,6.1386,6.8393,179.6096,
600460.SH,Ê¿À¼Î¢,2005-03-18,2.3305,2.2936,2.3592,2.2527,2.2582,789271,13273461,-0.0724,-3.1049,16.8174,1.5178,860080000,N/A,3341741600,52000000,0,202040000,48.048,5.948,6.627,174.033,
600460.SH,Ê¿À¼Î¢,2005-03-21,2.2582,2.2117,2.2677,2.1872,2.2554,1258870,20649698,-0.0027,-0.1209,16.4034,2.4209,859040000,N/A,3337700800,52000000,0,202040000,47.9899,5.9408,6.619,173.8226,
600460.SH,Ê¿À¼Î¢,2005-03-22,2.2554,2.2554,2.3073,2.239,2.2732,1677357,27870872,0.0177,0.7869,16.6159,3.2257,865800000,N/A,3363966000,52000000,0,202040000,48.3676,5.9876,6.671,175.1904,
600460.SH,Ê¿À¼Î¢,2005-03-23,2.2732,2.2663,2.2855,2.2431,2.2691,1877156,31158936,-0.0041,-0.1802,16.599,3.6099,864240000,N/A,3357904800,52000000,0,202040000,48.2804,5.9768,6.659,174.8748,
600460.SH,Ê¿À¼Î¢,2005-03-24,2.2691,2.2663,2.2663,2.0493,2.1148,1489436,23126905,-0.1543,-6.799,15.5273,2.8643,805480000,N/A,3129599600,52000000,0,202040000,44.9978,5.5704,6.2063,162.985,
600460.SH,Ê¿À¼Î¢,2005-03-25,2.1148,2.0957,2.0957,1.9633,2.011,843505,12440809,-0.1038,-4.9064,14.7489,1.6221,765960000,N/A,2976049200,52000000,0,202040000,42.79,5.2971,5.9018,154.9883,
600460.SH,Ê¿À¼Î¢,2005-03-28,2.011,1.9933,2.082,1.9633,2.0588,829927,12415247,0.0478,2.3761,14.9594,1.596,784160000,N/A,3046763200,52000000,0,202040000,43.8068,5.423,6.042,158.671,
600460.SH,Ê¿À¼Î¢,2005-03-29,2.0588,1.9769,2.082,1.9755,2.0192,801831,12024291,-0.0396,-1.9231,14.996,1.542,769080000,N/A,2988171600,52000000,0,202040000,42.9643,5.3187,5.9258,155.6196,
600460.SH,Ê¿À¼Î¢,2005-03-30,2.0192,2.0001,2.011,1.8854,1.9059,405377,5796401,-0.1133,-5.6119,14.2988,0.7796,725920000,N/A,2820478400,52000000,0,202040000,40.5532,5.0202,5.5933,146.8864,
600460.SH,Ê¿À¼Î¢,2005-03-31,1.9059,1.925,1.9441,1.8172,1.9332,1732365,23728036,0.0273,1.4327,13.6969,3.3315,736320000,N/A,2860886400,52000000,0,202040000,41.1342,5.0921,5.6734,148.9908,
600460.SH,Ê¿À¼Î¢,2005-04-01,1.9332,1.9319,2.0889,1.895,2.0697,1321833,18898683,0.1365,7.0621,14.2973,2.542,788320000,N/A,3062926400,52000000,0,202040000,44.0392,5.4517,6.0741,159.5127,
600460.SH,Ê¿À¼Î¢,2005-04-04,2.0697,2.0479,2.1121,1.9714,2.0656,1074355,16207042,-0.0041,-0.1979,15.0854,2.0661,786760000,N/A,3056865200,52000000,0,202040000,43.952,5.4409,6.062,159.1971,
600460.SH,Ê¿À¼Î¢,2005-04-05,2.0656,2.0479,2.1025,2.0452,2.093,651811,9896078,0.0273,1.3219,15.1824,1.2535,797160000,N/A,3097273200,52000000,0,202040000,44.533,5.5129,6.1422,161.3015,
600460.SH,Ê¿À¼Î¢,2005-04-06,2.093,2.0861,2.1749,2.082,2.1339,1021438,15789932,0.041,1.9569,15.4585,1.9643,812760000,N/A,3157885200,52000000,0,202040000,45.4045,5.6207,6.2624,164.458,
600460.SH,Ê¿À¼Î¢,2005-04-07,2.1339,2.1339,2.1831,2.0752,2.0889,748968,11732127,-0.0451,-2.1113,15.6644,1.4403,795600000,N/A,3091212000,52000000,0,202040000,44.4459,5.5021,6.1301,160.9858,
600460.SH,Ê¿À¼Î¢,2005-04-08,2.0889,2.0889,2.1039,2.037,2.0479,477440,7211620,-0.041,-1.9608,15.1048,0.9182,780000000,N/A,3030600000,52000000,0,202040000,43.5744,5.3942,6.0099,157.8292,
600460.SH,Ê¿À¼Î¢,2005-04-11,2.0479,2.0342,2.082,1.9728,1.996,571506,8405602,-0.0519,-2.5333,14.7078,1.0991,760240000,N/A,2953824800,52000000,0,202040000,42.4705,5.2575,5.8577,153.8309,
600460.SH,Ê¿À¼Î¢,2005-04-12,1.996,1.9865,2.0097,1.9223,1.9278,594522,8519259,-0.0683,-3.42,14.3296,1.1433,734240000,N/A,2852804800,52000000,0,202040000,41.018,5.0777,5.6574,148.5699,
600460.SH,Ê¿À¼Î¢,2005-04-13,1.9278,1.9278,2.0684,1.9278,1.9851,360586,5291306,0.0573,2.9745,14.6742,0.6934,756080000,N/A,2937661600,52000000,0,202040000,42.2381,5.2288,5.8256,152.9891,
600460.SH,Ê¿À¼Î¢,2005-04-14,1.9851,1.9933,2.0834,1.9933,2.0616,935239,14063824,0.0765,3.8514,15.0377,1.7985,785200000,N/A,3050804000,52000000,0,202040000,43.8649,5.4302,6.05,158.8814,
600460.SH,Ê¿À¼Î¢,2005-04-15,2.0616,2.0616,2.1257,2.0588,2.1216,848195,13033079,0.0601,2.9139,15.3657,1.6311,808080000,N/A,3139701600,52000000,0,202040000,45.1431,5.5884,6.2263,163.5111,
600460.SH,Ê¿À¼Î¢,2005-04-18,2.1216,2.1298,2.1435,1.9523,2.0452,1178403,18044248,-0.0765,-3.6036,15.3125,2.2662,778960000,N/A,3026559200,52000000,0,202040000,43.5163,5.387,6.0019,157.6188,
600460.SH,Ê¿À¼Î¢,2005-04-19,2.0452,2.0274,2.0711,1.9933,2.0629,405690,6019638,0.0177,0.8678,14.838,0.7802,785720000,N/A,3052824400,52000000,0,202040000,43.8939,5.4337,6.054,158.9866,
600460.SH,Ê¿À¼Î¢,2005-04-20,2.0629,2.0616,2.0616,1.9933,2.0042,254508,3745753,-0.0587,-2.8458,14.7176,0.4894,763360000,N/A,2965947200,52000000,0,202040000,42.6448,5.2791,5.8817,154.4622,
600460.SH,Ê¿À¼Î¢,2005-04-21,2.0042,1.9933,1.9933,1.8991,1.91,1281292,18134196,-0.0942,-4.7003,14.1531,2.464,727480000,N/A,2826539600,52000000,0,202040000,40.6404,5.031,5.6053,147.202,
600460.SH,Ê¿À¼Î¢,2005-04-22,1.91,1.9045,1.9182,1.8568,1.8854,513338,7093273,-0.0246,-1.2866,13.8179,0.9872,718120000,N/A,2790172400,52000000,0,202040000,40.1175,4.9663,5.5332,145.3081,
600460.SH,Ê¿À¼Î¢,2005-04-25,1.8854,1.8431,1.9455,1.7994,1.9059,386661,5402612,0.0205,1.0862,13.9725,0.7436,725920000,N/A,2820478400,52000000,0,202040000,40.5532,5.0202,5.5933,146.8864,
600460.SH,Ê¿À¼Î¢,2005-04-26,1.9059,1.9114,1.9796,1.8909,1.9373,643058,9074147,0.0314,1.6476,14.1109,1.2367,737880000,N/A,2866947600,52000000,0,202040000,41.2214,5.1029,5.6854,149.3064,
600460.SH,Ê¿À¼Î¢,2005-04-27,1.9373,1.9578,1.9578,1.9059,1.9168,560029,7862468,-0.0205,-1.0571,14.0394,1.077,730080000,N/A,2836641600,52000000,0,202040000,40.7856,5.049,5.6253,147.7281,
600460.SH,Ê¿À¼Î¢,2005-04-28,1.9168,1.9114,1.9441,1.8499,1.9346,659146,9324529,0.0177,0.9259,14.1464,1.2676,736840000,N/A,2862906800,52000000,0,202040000,41.1633,5.0957,5.6774,149.096,
600460.SH,Ê¿À¼Î¢,2005-04-29,1.9346,1.9319,1.966,1.865,1.9414,637318,8849905,0.0068,0.3529,13.8862,1.2256,739440000,N/A,2873008800,52000000,0,202040000,41.3085,5.1137,5.6974,149.6221,
600460.SH,Ê¿À¼Î¢,2005-05-09,1.9414,1.9414,1.9865,1.9127,1.9319,167450,2378424,-0.0096,-0.4923,14.2038,0.322,735800000,N/A,2858866000,52000000,0,202040000,41.1052,5.0885,5.6694,148.8856,
600460.SH,Ê¿À¼Î¢,2005-05-10,1.9319,1.9319,1.9319,1.9319,1.9319,N/A,N/A,0,0,N/A,N/A,735800000,N/A,2858866000,52000000,0,202040000,41.1052,5.0885,5.6694,148.8856,
600460.SH,Ê¿À¼Î¢,2005-05-11,1.9319,1.9264,1.9523,1.8458,1.8554,497021,6877657,-0.0765,-3.9576,13.8378,0.9558,706680000,N/A,2745723600,52000000,0,202040000,39.4784,4.8871,5.445,142.9933,
600460.SH,Ê¿À¼Î¢,2005-05-12,1.8554,1.8554,1.8554,1.6697,1.6806,3000801,37279358,-0.1748,-9.4187,12.4231,5.7708,640120000,N/A,2487112400,52000000,0,202040000,35.76,4.4268,4.9322,129.5252,
600460.SH,Ê¿À¼Î¢,2005-05-13,1.6806,1.6793,1.697,1.6247,1.6902,1098834,13446936,0.0096,0.5686,12.2375,2.1131,643760000,N/A,2501255200,52000000,0,202040000,35.9634,4.452,4.9602,130.2617,
600460.SH,Ê¿À¼Î¢,2005-05-16,1.6902,1.6861,1.6902,1.6219,1.626,704667,8468462,-0.0642,-3.7964,12.0177,1.3551,619320000,N/A,2406296400,52000000,0,202040000,34.5981,4.283,4.7719,125.3164,
600460.SH,Ê¿À¼Î¢,2005-05-17,1.626,1.6356,1.6725,1.6315,1.641,386828,4678629,0.015,0.9236,12.0949,0.7439,625040000,N/A,2428520800,52000000,0,202040000,34.9176,4.3225,4.816,126.4738,
600460.SH,Ê¿À¼Î¢,2005-05-18,1.641,1.652,1.6847,1.6315,1.6383,310900,3775823,-0.0027,-0.1664,12.1448,0.5979,624000000,N/A,2424480000,52000000,0,202040000,34.8595,4.3154,4.808,126.2634,
600460.SH,Ê¿À¼Î¢,2005-05-19,1.6383,1.6588,1.6588,1.6301,1.6383,170268,2044601,0,0,12.0081,0.3274,624000000,N/A,2424480000,52000000,0,202040000,34.8595,4.3154,4.808,126.2634,
600460.SH,Ê¿À¼Î¢,2005-05-20,1.6383,1.6247,1.6383,1.5359,1.5919,657248,7632219,-0.0464,-2.8333,11.6124,1.2639,606320000,N/A,2355786400,52000000,0,202040000,33.8718,4.1931,4.6717,122.6859,
600460.SH,Ê¿À¼Î¢,2005-05-23,1.5919,1.5564,1.5837,1.5509,1.5578,235336,2687509,-0.0341,-2.1441,11.4199,0.4526,593320000,N/A,2305276400,52000000,0,202040000,33.1456,4.1032,4.5716,120.0554,
600460.SH,Ê¿À¼Î¢,2005-05-24,1.5578,1.5578,1.6083,1.5387,1.5864,242395,2790793,0.0287,1.8405,11.5134,0.4661,604240000,N/A,2347704800,52000000,0,202040000,33.7556,4.1787,4.6557,122.265,
600460.SH,Ê¿À¼Î¢,2005-05-25,1.5864,1.5837,1.6165,1.5701,1.5919,152273,1780233,0.0055,0.3442,11.6911,0.2928,606320000,N/A,2355786400,52000000,0,202040000,33.8718,4.1931,4.6717,122.6859,
600460.SH,Ê¿À¼Î¢,2005-05-26,1.5919,1.5974,1.611,1.5564,1.5742,126700,1464465,-0.0177,-1.1149,11.5585,0.2437,599560000,N/A,2329521200,52000000,0,202040000,33.4942,4.1463,4.6196,121.3181,
600460.SH,Ê¿À¼Î¢,2005-05-27,1.5742,1.5701,1.5946,1.54,1.5537,209950,2393684,-0.0205,-1.301,11.4012,0.4038,591760000,N/A,2299215200,52000000,0,202040000,33.0584,4.0924,4.5595,119.7398,
600460.SH,Ê¿À¼Î¢,2005-05-30,1.5537,1.5523,1.5564,1.5127,1.5182,270300,3007315,-0.0355,-2.2847,11.1258,0.5198,578240000,N/A,2246684800,52000000,0,202040000,32.3031,3.9989,4.4554,117.0041,
600460.SH,Ê¿À¼Î¢,2005-05-31,1.5182,1.5428,1.5428,1.5018,1.5154,225319,2508185,-0.0027,-0.1799,11.1317,0.4333,577200000,N/A,2242644000,52000000,0,202040000,32.245,3.9917,4.4474,116.7936,
600460.SH,Ê¿À¼Î¢,2005-06-01,1.5154,1.5154,1.5346,1.4745,1.4977,181900,1988445,-0.0177,-1.1712,10.9315,0.3498,570440000,N/A,2216378800,52000000,0,202040000,31.8674,3.945,4.3953,115.4258,
600460.SH,Ê¿À¼Î¢,2005-06-02,1.4977,1.3789,1.4813,1.3789,1.4472,392791,4148122,-0.0505,-3.3728,10.5606,0.7554,551200000,N/A,2141624000,52000000,0,202040000,30.7926,3.8119,4.247,111.5326,
600460.SH,Ê¿À¼Î¢,2005-06-03,1.4472,1.4444,1.5437,1.3755,1.4651,1335300,13573255,0.0179,1.2381,10.1649,2.5679,552760000,N/A,2147685200,52000000,0,202040000,30.8797,3.8227,4.259,111.8483,
600460.SH,Ê¿À¼Î¢,2005-06-06,1.4651,1.4747,1.5161,1.4058,1.4982,677731,7153791,0.0331,2.2578,10.5555,1.3033,565240000,N/A,2196174800,52000000,0,202040000,31.5769,3.909,4.3552,114.3736,
600460.SH,Ê¿À¼Î¢,2005-06-07,1.4982,1.5023,1.6457,1.4899,1.5767,1443124,16431422,0.0786,5.2438,11.386,2.7752,594880000,N/A,2311337600,52000000,0,202040000,33.2327,4.114,4.5836,120.3711,
600460.SH,Ê¿À¼Î¢,2005-06-08,1.5767,1.574,1.7339,1.5574,1.7339,2498243,30366142,0.1571,9.965,12.155,4.8043,654160000,N/A,2541663200,52000000,0,202040000,36.5444,4.5239,5.0403,132.3661,
600460.SH,Ê¿À¼Î¢,2005-06-09,1.7339,1.7339,1.8744,1.7228,1.84,1711796,22774369,0.1061,6.1208,13.3044,3.2919,694200000,N/A,2697234000,52000000,0,202040000,38.7812,4.8008,5.3489,140.468,
600460.SH,Ê¿À¼Î¢,2005-06-10,1.84,1.8469,1.8538,1.7366,1.7931,952608,12367708,-0.0469,-2.5468,12.983,1.8319,676520000,N/A,2628540400,52000000,0,202040000,37.7935,4.6786,5.2126,136.8905,
600460.SH,Ê¿À¼Î¢,2005-06-13,1.7931,1.7931,1.851,1.7421,1.8331,1022021,13300268,0.04,2.2291,13.0137,1.9654,691600000,N/A,2687132000,52000000,0,202040000,38.636,4.7828,5.3288,139.9419,
600460.SH,Ê¿À¼Î¢,2005-06-14,1.8331,1.8262,1.8441,1.7614,1.7752,1244820,16209665,-0.0579,-3.1579,13.0217,2.3939,669760000,N/A,2602275200,52000000,0,202040000,37.4159,4.6318,5.1605,135.5227,
600460.SH,Ê¿À¼Î¢,2005-06-15,1.7752,1.7752,1.7766,1.6953,1.7311,882281,11074821,-0.0441,-2.4845,12.5525,1.6967,653120000,N/A,2537622400,52000000,0,202040000,36.4863,4.5167,5.0323,132.1557,
600460.SH,Ê¿À¼Î¢,2005-06-16,1.7311,1.6953,1.7628,1.6898,1.7518,627630,7864774,0.0207,1.1943,12.5309,1.207,660920000,N/A,2567928400,52000000,0,202040000,36.922,4.5707,5.0924,133.7339,
600460.SH,Ê¿À¼Î¢,2005-06-17,1.7518,1.7573,1.8744,1.7573,1.8551,2046469,26724643,0.1034,5.9009,13.0589,3.9355,699920000,N/A,2719458400,52000000,0,202040000,39.1007,4.8404,5.3929,141.6254,
600460.SH,Ê¿À¼Î¢,2005-06-20,1.8551,1.8345,1.9434,1.7711,1.9351,1054620,14410336,0.0799,4.3091,13.664,2.0281,730080000,N/A,2836641600,52000000,0,202040000,40.7856,5.049,5.6253,147.7281,
600460.SH,Ê¿À¼Î¢,2005-06-21,1.9351,1.9296,1.9296,1.8634,1.8813,627834,8622544,-0.0538,-2.7778,13.7338,1.2074,709800000,N/A,2757846000,52000000,0,202040000,39.6527,4.9087,5.4691,143.6246,
600460.SH,Ê¿À¼Î¢,2005-06-22,1.8813,1.8882,1.8882,1.8207,1.8524,454200,6087078,-0.0289,-1.5385,13.4018,0.8735,698880000,N/A,2715417600,52000000,0,202040000,39.0426,4.8332,5.3849,141.415,
600460.SH,Ê¿À¼Î¢,2005-06-23,1.8524,1.8331,1.8744,1.8124,1.8386,326575,4360730,-0.0138,-0.744,13.3529,0.628,693680000,N/A,2695213600,52000000,0,202040000,38.7522,4.7972,5.3448,140.3628,
600460.SH,Ê¿À¼Î¢,2005-06-24,1.8386,1.8579,1.8579,1.7642,1.7766,1255804,16327283,-0.062,-3.3733,13.0015,2.415,670280000,N/A,2604295600,52000000,0,202040000,37.4449,4.6354,5.1645,135.6279,
600460.SH,Ê¿À¼Î¢,2005-06-27,1.7766,1.7711,1.8717,1.7711,1.8593,1128960,15040694,0.0827,4.6548,13.3226,2.1711,701480000,N/A,2725519600,52000000,0,202040000,39.1879,4.8512,5.4049,141.9411,
600460.SH,Ê¿À¼Î¢,2005-06-28,1.8593,1.8868,1.8868,1.7959,1.8014,466925,6137154,-0.0579,-3.1134,13.1438,0.8979,679640000,N/A,2640662800,52000000,0,202040000,37.9678,4.7001,5.2367,137.5219,
600460.SH,Ê¿À¼Î¢,2005-06-29,1.8014,1.7986,1.8262,1.7766,1.7917,716700,9303640,-0.0096,-0.5356,12.9812,1.3783,676000000,N/A,2626520000,52000000,0,202040000,37.7645,4.675,5.2086,136.7853,
600460.SH,Ê¿À¼Î¢,2005-06-30,1.7917,1.7559,1.8055,1.7476,1.8028,1298426,16781763,0.011,0.6154,12.9247,2.497,680160000,N/A,2642683200,52000000,0,202040000,37.9969,4.7037,5.2407,137.6271,
600460.SH,Ê¿À¼Î¢,2005-07-01,1.8028,1.7807,1.8179,1.7132,1.7449,595160,7620258,-0.0579,-3.211,12.8037,1.1445,658320000,N/A,2557826400,52000000,0,202040000,36.7768,4.5527,5.0724,133.2079,
600460.SH,Ê¿À¼Î¢,2005-07-04,1.7449,1.6649,1.7228,1.6649,1.6705,301708,3677263,-0.0744,-4.2654,12.1882,0.5802,630240000,N/A,2448724800,52000000,0,202040000,35.2081,4.3585,4.856,127.526,
600460.SH,Ê¿À¼Î¢,2005-07-05,1.6705,1.6746,1.7063,1.6264,1.6429,346100,4159153,-0.0276,-1.6502,12.0172,0.6656,619840000,N/A,2408316800,52000000,0,202040000,34.6271,4.2866,4.7759,125.4216,
600460.SH,Ê¿À¼Î¢,2005-07-06,1.6429,1.6429,1.6429,1.5712,1.5919,463150,5353269,-0.051,-3.104,11.5584,0.8907,600600000,N/A,2333562000,52000000,0,202040000,33.5523,4.1535,4.6277,121.5285,
600460.SH,Ê¿À¼Î¢,2005-07-07,1.5919,1.5712,1.5836,1.5009,1.545,727380,8070747,-0.0469,-2.9437,11.0956,1.3988,582920000,N/A,2264868400,52000000,0,202040000,32.5646,4.0313,4.4914,117.951,
600460.SH,Ê¿À¼Î¢,2005-07-08,1.545,1.5464,1.585,1.5133,1.5698,485901,5502959,0.0248,1.6057,11.3253,0.9344,592280000,N/A,2301235600,52000000,0,202040000,33.0875,4.096,4.5636,119.845,
600460.SH,Ê¿À¼Î¢,2005-07-11,1.5698,1.585,1.6801,1.5712,1.5767,507290,5922484,0.0069,0.439,11.6748,0.9756,594880000,N/A,2311337600,52000000,0,202040000,33.2327,4.114,4.5836,120.3711,
600460.SH,Ê¿À¼Î¢,2005-07-12,1.5767,1.5767,1.6705,1.5244,1.6553,671610,7917422,0.0786,4.9825,11.7887,1.2916,624520000,N/A,2426500400,52000000,0,202040000,34.8886,4.3189,4.812,126.3686,
600460.SH,Ê¿À¼Î¢,2005-07-13,1.6553,1.6512,1.6512,1.5988,1.6029,292750,3440600,-0.0524,-3.164,11.7527,0.563,604760000,N/A,2349725200,52000000,0,202040000,33.7847,4.1823,4.6597,122.3702,
600460.SH,Ê¿À¼Î¢,2005-07-14,1.6029,1.6029,1.647,1.585,1.625,328933,3846252,0.0221,1.3758,11.6931,0.6326,613080000,N/A,2382051600,52000000,0,202040000,34.2495,4.2398,4.7238,124.0538,
600460.SH,Ê¿À¼Î¢,2005-07-15,1.625,1.6126,1.6346,1.5712,1.5947,552430,6405301,-0.0303,-1.866,11.5948,1.0624,601640000,N/A,2337602800,52000000,0,202040000,33.6104,4.1607,4.6357,121.7389,
600460.SH,Ê¿À¼Î¢,2005-07-18,1.5947,1.5574,1.5919,1.5547,1.5616,473756,5367928,-0.0331,-2.0743,11.3306,0.9111,589160000,N/A,2289113200,52000000,0,202040000,32.9132,4.0744,4.5395,119.2137,
600460.SH,Ê¿À¼Î¢,2005-07-19,1.5616,1.5299,1.5795,1.5299,1.5574,88400,1002890,-0.0041,-0.2648,11.3449,0.17,587600000,N/A,2283052000,52000000,0,202040000,32.826,4.0636,4.5275,118.898,
600460.SH,Ê¿À¼Î¢,2005-07-20,1.5574,1.5685,1.5988,1.5533,1.5933,711951,8151112,0.0358,2.3009,11.449,1.3691,601120000,N/A,2335582400,52000000,0,202040000,33.5813,4.1571,4.6317,121.6337,
600460.SH,Ê¿À¼Î¢,2005-07-21,1.5933,1.5947,1.6071,1.574,1.5823,107930,1244278,-0.011,-0.692,11.5286,0.2076,596960000,N/A,2319419200,52000000,0,202040000,33.3489,4.1284,4.5996,120.792,
600460.SH,Ê¿À¼Î¢,2005-07-22,1.5823,1.6277,1.6374,1.5878,1.6222,356429,4193663,0.04,2.5261,11.7658,0.6854,612040000,N/A,2378010800,52000000,0,202040000,34.1914,4.2326,4.7158,123.8433,
600460.SH,Ê¿À¼Î¢,2005-07-25,1.6222,1.6098,1.6126,1.5574,1.5657,337648,3850616,-0.0565,-3.4834,11.4042,0.6493,590720000,N/A,2295174400,52000000,0,202040000,33.0003,4.0852,4.5515,119.5293,
600460.SH,Ê¿À¼Î¢,2005-07-26,1.5657,1.5574,1.6057,1.5437,1.5781,409494,4708137,0.0124,0.7923,11.4975,0.7875,595400000,N/A,2313358000,52000000,0,202040000,33.2618,4.1176,4.5876,120.4763,
600460.SH,Ê¿À¼Î¢,2005-07-27,1.5781,1.5726,1.6374,1.5712,1.6346,775147,9087309,0.0565,3.5808,11.7233,1.4907,616720000,N/A,2396194400,52000000,0,202040000,34.4528,4.265,4.7519,124.7903,
600460.SH,Ê¿À¼Î¢,2005-07-28,1.6346,1.6332,1.6815,1.6332,1.6374,656497,7902357,0.0028,0.1686,12.0372,1.2625,617760000,N/A,2400235200,52000000,0,202040000,34.5109,4.2722,4.7599,125.0007,
600460.SH,Ê¿À¼Î¢,2005-07-29,1.6374,1.6374,1.6401,1.5933,1.6029,262959,3073357,-0.0345,-2.1044,11.6876,0.5057,604760000,N/A,2349725200,52000000,0,202040000,33.7847,4.1823,4.6597,122.3702,
600460.SH,Ê¿À¼Î¢,2005-08-01,1.6029,1.6029,1.6388,1.6029,1.6291,185920,2187828,0.0262,1.6337,11.7676,0.3575,614640000,N/A,2388112800,52000000,0,202040000,34.3366,4.2506,4.7358,124.3694,
600460.SH,Ê¿À¼Î¢,2005-08-02,1.6291,1.6401,1.7917,1.6401,1.7917,1919412,24394994,0.1626,9.9831,12.7096,3.6912,676000000,N/A,2626520000,52000000,0,202040000,37.7645,4.675,5.2086,136.7853,
600460.SH,Ê¿À¼Î¢,2005-08-03,1.7917,1.8441,1.8607,1.7849,1.7904,1713873,22749241,-0.0014,-0.0769,13.2736,3.2959,675480000,N/A,2624499600,52000000,0,202040000,37.7354,4.6714,5.2046,136.6801,
600460.SH,Ê¿À¼Î¢,2005-08-04,1.7904,1.7642,1.8276,1.7228,1.8166,1156571,14996712,0.0262,1.4627,12.9665,2.2242,685360000,N/A,2662887200,52000000,0,202040000,38.2874,4.7397,5.2807,138.6793,
600460.SH,Ê¿À¼Î¢,2005-08-05,1.8166,1.8055,1.8648,1.7917,1.8607,1079480,14357458,0.0441,2.4279,13.3003,2.0759,702000000,N/A,2727540000,52000000,0,202040000,39.2169,4.8548,5.409,142.0463,
600460.SH,Ê¿À¼Î¢,2005-08-08,1.8607,1.8676,1.9241,1.8345,1.8662,1074631,14559554,0.0055,0.2963,13.5484,2.0666,704080000,N/A,2735621600,52000000,0,202040000,39.3331,4.8692,5.425,142.4672,
600460.SH,Ê¿À¼Î¢,2005-08-09,1.8662,1.8607,1.8813,1.8193,1.8689,878286,11785066,0.0028,0.1477,13.4183,1.689,705120000,N/A,2739662400,52000000,0,202040000,39.3912,4.8763,5.433,142.6776,
600460.SH,Ê¿À¼Î¢,2005-08-10,1.8689,1.8703,1.8744,1.8055,1.8414,811184,10799682,-0.0276,-1.4749,13.3135,1.56,694720000,N/A,2699254400,52000000,0,202040000,38.8103,4.8044,5.3529,140.5732,
600460.SH,Ê¿À¼Î¢,2005-08-11,1.8414,1.8538,1.8538,1.8207,1.8496,483860,6433949,0.0083,0.4491,13.2971,0.9305,697840000,N/A,2711376800,52000000,0,202040000,38.9846,4.826,5.3769,141.2045,
600460.SH,Ê¿À¼Î¢,2005-08-12,1.8496,1.8579,1.9489,1.8193,1.9006,2116884,29226289,0.051,2.7571,13.8063,4.0709,717080000,N/A,2786131600,52000000,0,202040000,40.0594,4.9591,5.5251,145.0977,
600460.SH,Ê¿À¼Î¢,2005-08-15,1.9006,1.9089,1.9585,1.8676,1.9558,1563367,21868954,0.0551,2.9007,13.9884,3.0065,737880000,N/A,2866947600,52000000,0,202040000,41.2214,5.1029,5.6854,149.3064,
600460.SH,Ê¿À¼Î¢,2005-08-16,1.9558,1.9571,2.0261,1.9296,1.9613,1792683,25796447,0.0055,0.2819,14.3899,3.4475,739960000,N/A,2875029200,52000000,0,202040000,41.3376,5.1173,5.7014,149.7273,
600460.SH,Ê¿À¼Î¢,2005-08-17,1.9613,1.8758,1.9751,1.8758,1.9558,717872,10097797,-0.0055,-0.2811,14.0663,1.3805,737880000,N/A,2866947600,52000000,0,202040000,41.2214,5.1029,5.6854,149.3064,
600460.SH,Ê¿À¼Î¢,2005-08-18,1.9558,1.953,2.0192,1.8813,1.8827,1511353,21609389,-0.073,-3.735,14.298,2.9064,710320000,N/A,2759866400,52000000,0,202040000,39.6817,4.9123,5.4731,143.7298,
600460.SH,Ê¿À¼Î¢,2005-08-19,1.8827,1.8607,1.902,1.8538,1.8841,1194102,16307235,0.0014,0.0732,13.6565,2.2964,710840000,N/A,2761886800,52000000,0,202040000,39.7108,4.9159,5.4771,143.835,
600460.SH,Ê¿À¼Î¢,2005-08-22,1.8841,1.8882,1.9406,1.8882,1.9241,420749,5882674,0.04,2.1214,13.9814,0.8091,725920000,N/A,2820478400,52000000,0,202040000,40.5532,5.0202,5.5933,146.8864,
600460.SH,Ê¿À¼Î¢,2005-08-23,1.9241,1.9434,1.9434,1.8607,1.8924,297900,4104905,-0.0317,-1.6476,13.7795,0.5729,713960000,N/A,2774009200,52000000,0,202040000,39.8851,4.9375,5.5011,144.4663,
600460.SH,Ê¿À¼Î¢,2005-08-24,1.8924,1.9089,1.9296,1.8758,1.8924,345492,4784057,0,0,13.8471,0.6644,713960000,N/A,2774009200,52000000,0,202040000,39.8851,4.9375,5.5011,144.4663,
600460.SH,Ê¿À¼Î¢,2005-08-25,1.8924,1.9144,1.9337,1.8951,1.931,385167,5359201,0.0386,2.0393,13.914,0.7407,728520000,N/A,2830580400,52000000,0,202040000,40.6985,5.0382,5.6133,147.4125,
600460.SH,Ê¿À¼Î¢,2005-08-26,1.931,1.9434,2.0192,1.9227,2.0095,1246521,17930345,0.0786,4.0685,14.3843,2.3972,758160000,N/A,2945743200,52000000,0,202040000,42.3543,5.2432,5.8417,153.41,
600460.SH,Ê¿À¼Î¢,2005-08-29,2.0095,2.0081,2.0081,1.9503,1.9571,400097,5706595,-0.0524,-2.6063,14.263,0.7694,738400000,N/A,2868968000,52000000,0,202040000,41.2504,5.1065,5.6894,149.4117,
600460.SH,Ê¿À¼Î¢,2005-08-30,1.9571,1.9571,1.982,1.9475,1.9682,270899,3860113,0.011,0.5634,14.2493,0.521,742560000,N/A,2885131200,52000000,0,202040000,41.4828,5.1353,5.7215,150.2534,
600460.SH,Ê¿À¼Î¢,2005-08-31,1.9682,1.9365,1.9916,1.9296,1.9875,486121,6882284,0.0193,0.9804,14.1576,0.9348,749840000,N/A,2913416800,52000000,0,202040000,41.8895,5.1856,5.7776,151.7265,
600460.SH,Ê¿À¼Î¢,2005-09-01,1.9875,1.9916,2.0385,1.982,2.0205,442746,6474814,0.0331,1.6644,14.6242,0.8514,762320000,N/A,2961906400,52000000,0,202040000,42.5867,5.2719,5.8737,154.2518,
600460.SH,Ê¿À¼Î¢,2005-09-02,2.0205,2.0329,2.0922,2.0123,2.0715,687617,10294207,0.051,2.5239,14.9708,1.3223,781560000,N/A,3036661200,52000000,0,202040000,43.6615,5.405,6.022,158.1449,
600460.SH,Ê¿À¼Î¢,2005-09-05,2.0715,2.0922,2.1653,2.0757,2.1597,1163490,18063633,0.0882,4.2582,15.5254,2.2375,814840000,N/A,3165966800,52000000,0,202040000,45.5207,5.6351,6.2784,164.8789,
600460.SH,Ê¿À¼Î¢,2005-09-06,2.1597,2.1749,2.219,2.106,2.1322,1276151,20271810,-0.0276,-1.2763,15.8851,2.4541,804440000,N/A,3125558800,52000000,0,202040000,44.9397,5.5632,6.1983,162.7745,
600460.SH,Ê¿À¼Î¢,2005-09-07,2.1322,2.1239,2.3458,2.1239,2.3334,1907240,31598477,0.2012,9.4376,16.5676,3.6678,880360000,N/A,3420537200,52000000,0,202040000,49.181,6.0882,6.7832,178.1366,
600460.SH,Ê¿À¼Î¢,2005-09-08,2.3334,2.3527,2.361,2.3031,2.3251,753574,12728960,-0.0083,-0.3544,16.8915,1.4492,877240000,N/A,3408414800,52000000,0,202040000,49.0067,6.0667,6.7592,177.5052,
600460.SH,Ê¿À¼Î¢,2005-09-09,2.3251,2.3127,2.3431,2.2604,2.2934,697710,11563469,-0.0317,-1.3634,16.5735,1.3418,865280000,N/A,3361945600,52000000,0,202040000,48.3385,5.984,6.667,175.0852,
600460.SH,Ê¿À¼Î¢,2005-09-12,2.2934,2.2755,2.3155,2.2466,2.2824,638083,10500680,-0.011,-0.4808,16.4566,1.2271,861120000,N/A,3345782400,52000000,0,202040000,48.1061,5.9552,6.635,174.2435,
600460.SH,Ê¿À¼Î¢,2005-09-13,2.2824,2.2686,2.3127,2.2493,2.3086,274680,4566881,0.0262,1.1473,16.6262,0.5282,871000000,N/A,3384170000,52000000,0,202040000,48.6581,6.0235,6.7111,176.2426,
600460.SH,Ê¿À¼Î¢,2005-09-14,2.3086,2.3086,2.3499,2.2741,2.3417,780167,13157240,0.0331,1.4328,16.8646,1.5003,883480000,N/A,3432659600,52000000,0,202040000,49.3553,6.1098,6.8073,178.7679,
600460.SH,Ê¿À¼Î¢,2005-09-15,2.3417,2.3417,2.3844,2.3017,2.3265,542850,9229814,-0.0152,-0.6474,17.0025,1.0439,877760000,N/A,3410435200,52000000,0,202040000,49.0357,6.0703,6.7632,177.6105,
600460.SH,Ê¿À¼Î¢,2005-09-16,2.3265,2.3017,2.3017,2.2604,2.2755,266100,4399023,-0.051,-2.1919,16.5315,0.5117,858520000,N/A,3335680400,52000000,0,202040000,47.9609,5.9372,6.6149,173.7173,
600460.SH,Ê¿À¼Î¢,2005-09-19,2.2755,2.2755,2.2755,2.2755,2.2755,N/A,N/A,0,0,N/A,N/A,858520000,N/A,3335680400,52000000,0,202040000,47.9609,5.9372,6.6149,173.7173,
600460.SH,Ê¿À¼Î¢,2005-09-20,2.2755,2.2755,2.2755,2.2755,2.2755,N/A,N/A,0,0,N/A,N/A,858520000,N/A,3335680400,52000000,0,202040000,47.9609,5.9372,6.6149,173.7173,
600460.SH,Ê¿À¼Î¢,2005-09-21,2.2755,2.2755,2.2755,2.2755,2.2755,N/A,N/A,0,0,N/A,N/A,858520000,N/A,3335680400,52000000,0,202040000,47.9609,5.9372,6.6149,173.7173,
600460.SH,Ê¿À¼Î¢,2005-09-22,2.2755,2.2755,2.2755,2.2755,2.2755,N/A,N/A,0,0,N/A,N/A,858520000,N/A,3335680400,52000000,0,202040000,47.9609,5.9372,6.6149,173.7173,
600460.SH,Ê¿À¼Î¢,2005-09-23,2.2755,2.2755,2.2755,2.2755,2.2755,N/A,N/A,0,0,N/A,N/A,858520000,N/A,3335680400,52000000,0,202040000,47.9609,5.9372,6.6149,173.7173,
600460.SH,Ê¿À¼Î¢,2005-09-26,2.2755,2.2755,2.2755,2.2755,2.2755,N/A,N/A,0,0,N/A,N/A,858520000,N/A,3335680400,52000000,0,202040000,47.9609,5.9372,6.6149,173.7173,
600460.SH,Ê¿À¼Î¢,2005-09-27,2.2755,2.2755,2.2755,2.2755,2.2755,N/A,N/A,0,0,N/A,N/A,858520000,N/A,3335680400,52000000,0,202040000,47.9609,5.9372,6.6149,173.7173,
600460.SH,Ê¿À¼Î¢,2005-09-28,2.2755,2.2755,2.2755,2.2755,2.2755,N/A,N/A,0,0,N/A,N/A,858520000,N/A,3335680400,52000000,0,202040000,47.9609,5.9372,6.6149,173.7173,
600460.SH,Ê¿À¼Î¢,2005-09-29,2.2755,2.2438,2.281,2.1777,2.2617,770771,12520574,-0.0138,-0.6057,16.2442,1.4823,853320000,N/A,3315476400,52000000,0,202040000,47.6704,5.9012,6.5749,172.6652,
600460.SH,Ê¿À¼Î¢,2005-09-30,2.2617,2.2741,2.3058,2.2066,2.3017,460701,7588209,0.04,1.7672,16.471,0.886,868400000,N/A,3374068000,52000000,0,202040000,48.5128,6.0055,6.6911,175.7165,
600460.SH,Ê¿À¼Î¢,2005-10-10,2.3017,2.2741,2.3334,2.2741,2.321,310225,5185793,0.0193,0.8383,16.7162,0.5966,875680000,N/A,3402353600,52000000,0,202040000,48.9195,6.0559,6.7472,177.1896,
600460.SH,Ê¿À¼Î¢,2005-10-11,2.321,2.3155,2.3265,2.2741,2.3031,229616,3820061,-0.0179,-0.772,16.6367,0.4416,868920000,N/A,3376088400,52000000,0,202040000,48.5419,6.0091,6.6951,175.8217,
600460.SH,Ê¿À¼Î¢,2005-10-12,2.3031,2.2838,2.3816,2.2838,2.3803,434611,7385625,0.0772,3.3513,16.9936,0.8358,898040000,N/A,3489230800,52000000,0,202040000,50.1686,6.2105,6.9195,181.714,
600460.SH,Ê¿À¼Î¢,2005-10-13,2.3803,2.3803,2.5181,2.3803,2.496,1406170,25183896,0.1158,4.8639,17.9096,2.7042,941720000,N/A,3658944400,52000000,0,202040000,52.6088,6.5126,7.256,190.5525,
600460.SH,Ê¿À¼Î¢,2005-10-14,2.496,2.4933,2.5457,2.474,2.5084,1429593,26047380,0.0124,0.497,18.2201,2.7492,946400000,N/A,3677128000,52000000,0,202040000,52.8703,6.545,7.2921,191.4994,
600460.SH,Ê¿À¼Î¢,2005-10-17,2.5084,2.5084,2.5084,2.4395,2.4685,765585,13706088,-0.04,-1.5934,17.9028,1.4723,931320000,N/A,3618536400,52000000,0,202040000,52.0278,6.4407,7.1759,188.4481,
600460.SH,Ê¿À¼Î¢,2005-10-18,2.4685,2.4685,2.4685,2.4685,2.4685,N/A,N/A,0,0,N/A,N/A,931320000,N/A,3618536400,52000000,0,202040000,52.0278,6.4407,7.1759,188.4481,
600460.SH,Ê¿À¼Î¢,2005-10-19,2.4685,2.4685,2.4685,2.4685,2.4685,N/A,N/A,0,0,N/A,N/A,931320000,N/A,3618536400,52000000,0,202040000,52.0278,6.4407,7.1759,188.4481,
600460.SH,Ê¿À¼Î¢,2005-10-20,2.4685,2.4685,2.4685,2.4685,2.4685,N/A,N/A,0,0,N/A,N/A,931320000,N/A,3618536400,52000000,0,202040000,52.0278,6.4407,7.1759,188.4481,
600460.SH,Ê¿À¼Î¢,2005-10-21,2.4685,2.4685,2.4685,2.4685,2.4685,N/A,N/A,0,0,N/A,N/A,931320000,N/A,3618536400,52000000,0,202040000,52.0278,6.4407,7.1759,188.4481,
600460.SH,Ê¿À¼Î¢,2005-10-24,2.4685,2.4685,2.4685,2.4685,2.4685,N/A,N/A,0,0,N/A,N/A,931320000,N/A,3618536400,52000000,0,202040000,52.0278,6.4407,7.1759,188.4481,
600460.SH,Ê¿À¼Î¢,2005-10-25,2.4685,2.4685,2.4685,2.4685,2.4685,N/A,N/A,0,0,N/A,N/A,931320000,N/A,3618536400,52000000,0,202040000,52.0278,6.4407,7.1759,188.4481,
600460.SH,Ê¿À¼Î¢,2005-10-26,2.4685,2.4685,2.4685,2.4685,2.4685,N/A,N/A,0,0,N/A,N/A,931320000,N/A,3618536400,52000000,0,202040000,52.0278,6.4407,7.1759,188.4481,
600460.SH,Ê¿À¼Î¢,2005-10-27,2.4685,2.4685,2.4685,2.4685,2.4685,N/A,N/A,0,0,N/A,N/A,931320000,N/A,3618536400,52000000,0,202040000,52.0278,6.4407,7.1759,188.4481,
600460.SH,Ê¿À¼Î¢,2005-10-28,2.4685,2.4685,2.4685,2.4685,2.4685,N/A,N/A,0,0,N/A,N/A,931320000,N/A,3618536400,52000000,0,202040000,52.0278,6.4407,7.1759,188.4481,
600460.SH,Ê¿À¼Î¢,2005-10-31,2.4685,2.4685,2.4685,2.4685,2.4685,N/A,N/A,0,0,N/A,N/A,931320000,N/A,3618536400,52000000,0,202040000,52.0278,6.4407,7.1759,188.4481,
600460.SH,Ê¿À¼Î¢,2005-11-01,2.4685,2.4685,2.4685,2.4685,2.4685,N/A,N/A,0,0,N/A,N/A,931320000,N/A,3618536400,52000000,0,202040000,52.0278,6.4407,7.1759,188.4481,
600460.SH,Ê¿À¼Î¢,2005-11-02,2.4685,2.3674,2.7273,2.2718,2.5305,2610016,34652631,0.062,2.5126,13.2768,3.6906,954720000,N/A,2727540000,70720000,0,202040000,39.2169,4.8548,5.409,142.0463,
600460.SH,Ê¿À¼Î¢,2005-11-03,2.5305,2.5286,2.628,2.4518,2.5511,1127530,15392217,0.0206,0.8148,13.6513,1.5944,962499200,N/A,2749764400,70720000,0,202040000,39.5365,4.8943,5.453,143.2037,
600460.SH,Ê¿À¼Î¢,2005-11-04,2.5511,2.5417,2.5455,2.4743,2.5005,803712,10742286,-0.0506,-1.9838,13.3658,1.1365,943404800,N/A,2695213600,70720000,0,202040000,38.7522,4.7972,5.3448,140.3628,
600460.SH,Ê¿À¼Î¢,2005-11-07,2.5005,2.4743,2.5005,2.4293,2.4668,2134016,28065812,-0.0337,-1.3493,13.1516,3.0176,930675200,N/A,2658846400,70720000,0,202040000,38.2293,4.7325,5.2727,138.4688,
600460.SH,Ê¿À¼Î¢,2005-11-08,2.4668,2.4405,2.4874,2.4199,2.4686,1669022,21816003,0.0019,0.076,13.0711,2.36,931382400,N/A,2660866800,70720000,0,202040000,38.2583,4.7361,5.2767,138.5741,
600460.SH,Ê¿À¼Î¢,2005-11-09,2.4686,2.4705,2.5286,2.433,2.5136,2250034,29870041,0.045,1.8223,13.2754,3.1816,948355200,N/A,2709356400,70720000,0,202040000,38.9555,4.8224,5.3729,141.0993,
600460.SH,Ê¿À¼Î¢,2005-11-10,2.5136,2.5249,2.5268,2.4368,2.4536,1784734,23586313,-0.06,-2.3863,13.2156,2.5237,925724800,N/A,2644703600,70720000,0,202040000,38.0259,4.7073,5.2447,137.7323,
600460.SH,Ê¿À¼Î¢,2005-11-11,2.4536,2.4462,2.4462,2.3581,2.433,1648042,21127304,-0.0206,-0.8403,12.8196,2.3304,917945600,N/A,2622479200,70720000,0,202040000,37.7064,4.6678,5.2006,136.5749,
600460.SH,Ê¿À¼Î¢,2005-11-14,2.433,2.418,2.418,2.3243,2.3674,558424,7024243,-0.0656,-2.6965,12.5787,0.7896,893193600,N/A,2551765200,70720000,0,202040000,36.6896,4.5419,5.0604,132.8922,
600460.SH,Ê¿À¼Î¢,2005-11-15,2.3674,2.3749,2.4012,2.2868,2.3506,475993,5971478,-0.0169,-0.7126,12.5453,0.6731,886828800,N/A,2533581600,70720000,0,202040000,36.4282,4.5095,5.0243,131.9452,
600460.SH,Ê¿À¼Î¢,2005-11-16,2.3506,2.2962,2.3618,2.2681,2.3618,185688,2298571,0.0112,0.4785,12.3787,0.2626,891072000,N/A,2545704000,70720000,0,202040000,36.6025,4.5311,5.0484,132.5765,
600460.SH,Ê¿À¼Î¢,2005-11-17,2.3618,2.3618,2.4012,2.3506,2.3712,269840,3418212,0.0094,0.3968,12.6676,0.3816,894608000,N/A,2555806000,70720000,0,202040000,36.7477,4.5491,5.0684,133.1026,
600460.SH,Ê¿À¼Î¢,2005-11-18,2.3712,2.3149,2.3993,2.3149,2.3787,1081868,13713167,0.0075,0.3162,12.6755,1.5298,897436800,N/A,2563887600,70720000,0,202040000,36.8639,4.5635,5.0844,133.5235,
600460.SH,Ê¿À¼Î¢,2005-11-21,2.3787,2.3618,2.4836,2.3618,2.4611,1027086,13309738,0.0825,3.4673,12.9587,1.4523,928553600,N/A,2652785200,70720000,0,202040000,38.1421,4.7217,5.2607,138.1532,
600460.SH,Ê¿À¼Î¢,2005-11-22,2.4611,2.4536,2.463,2.3918,2.3993,215108,2776863,-0.0619,-2.5133,12.9092,0.3042,905216000,N/A,2586112000,70720000,0,202040000,37.1835,4.603,5.1285,134.6809,
600460.SH,Ê¿À¼Î¢,2005-11-23,2.3993,2.3993,2.4312,2.3618,2.4218,127765,1643228,0.0225,0.9375,12.8613,0.1807,913702400,N/A,2610356800,70720000,0,202040000,37.5321,4.6462,5.1766,135.9436,
600460.SH,Ê¿À¼Î¢,2005-11-24,2.4218,2.4293,2.448,2.3974,2.4255,261115,3367064,0.0037,0.1548,12.8949,0.3692,915116800,N/A,2614397600,70720000,0,202040000,37.5902,4.6534,5.1846,136.154,
600460.SH,Ê¿À¼Î¢,2005-11-25,2.4255,2.4068,2.493,2.3993,2.4368,531519,6955114,0.0112,0.4637,13.0854,0.7516,919360000,N/A,2626520000,70720000,0,202040000,37.7645,4.675,5.2086,136.7853,
600460.SH,Ê¿À¼Î¢,2005-11-28,2.4368,2.4368,2.4986,2.4368,2.478,306593,4010223,0.0412,1.6923,13.08,0.4335,934918400,N/A,2670968800,70720000,0,202040000,38.4036,4.7541,5.2968,139.1001,
600460.SH,Ê¿À¼Î¢,2005-11-29,2.478,2.478,2.493,2.4462,2.463,268800,3520746,-0.015,-0.6051,13.098,0.3801,929260800,N/A,2654805600,70720000,0,202040000,38.1712,4.7253,5.2647,138.2584,
600460.SH,Ê¿À¼Î¢,2005-11-30,2.463,2.4818,2.4893,2.4368,2.478,311018,4090504,0.015,0.6088,13.152,0.4398,934918400,N/A,2670968800,70720000,0,202040000,38.4036,4.7541,5.2968,139.1001,
600460.SH,Ê¿À¼Î¢,2005-12-01,2.478,2.478,2.478,2.4443,2.448,111536,1456796,-0.03,-1.2103,13.0612,0.1577,923603200,N/A,2638642400,70720000,0,202040000,37.9388,4.6965,5.2327,137.4166,
600460.SH,Ê¿À¼Î¢,2005-12-02,2.448,2.463,2.463,2.3805,2.4049,287328,3696077,-0.0431,-1.7611,12.8636,0.4063,907337600,N/A,2592173200,70720000,0,202040000,37.2706,4.6138,5.1405,134.9966,
600460.SH,Ê¿À¼Î¢,2005-12-05,2.4049,2.3993,2.3993,2.3468,2.3506,213516,2691959,-0.0544,-2.2603,12.6078,0.3019,886828800,N/A,2533581600,70720000,0,202040000,36.4282,4.5095,5.0243,131.9452,
600460.SH,Ê¿À¼Î¢,2005-12-06,2.3506,2.3337,2.403,2.3056,2.3993,1077616,13507541,0.0487,2.0734,12.5347,1.5238,905216000,N/A,2586112000,70720000,0,202040000,37.1835,4.603,5.1285,134.6809,
600460.SH,Ê¿À¼Î¢,2005-12-07,2.3993,2.3581,2.403,2.3356,2.3805,126543,1607698,-0.0187,-0.7813,12.7048,0.1789,898144000,N/A,2565908000,70720000,0,202040000,36.893,4.5671,5.0884,133.6287,
600460.SH,Ê¿À¼Î¢,2005-12-08,2.3805,2.3993,2.4743,2.3993,2.4574,886574,11584048,0.0769,3.2283,13.0661,1.2536,927139200,N/A,2648744400,70720000,0,202040000,38.084,4.7145,5.2527,137.9427,
600460.SH,Ê¿À¼Î¢,2005-12-09,2.4574,2.478,2.5586,2.4368,2.5174,1984839,26724697,0.06,2.4409,13.4644,2.8066,949769600,N/A,2713397200,70720000,0,202040000,39.0136,4.8296,5.3809,141.3098,
600460.SH,Ê¿À¼Î¢,2005-12-12,2.5174,2.5174,2.5399,2.493,2.5286,655394,8823108,0.0112,0.4468,13.4623,0.9267,954012800,N/A,2725519600,70720000,0,202040000,39.1879,4.8512,5.4049,141.9411,
600460.SH,Ê¿À¼Î¢,2005-12-13,2.5286,2.5492,2.5492,2.4893,2.5343,922692,12386039,0.0056,0.2224,13.4238,1.3047,956134400,N/A,2731580800,70720000,0,202040000,39.275,4.862,5.417,142.2567,
600460.SH,Ê¿À¼Î¢,2005-12-14,2.5343,2.5343,2.6598,2.4911,2.628,1797297,24836567,0.0937,3.6982,13.8188,2.5414,991494400,N/A,2832600800,70720000,0,202040000,40.7275,5.0418,5.6173,147.5177,
600460.SH,Ê¿À¼Î¢,2005-12-15,2.628,2.6074,2.7179,2.6074,2.6861,1635813,23414452,0.0581,2.2111,14.3136,2.3131,1013417600,N/A,2895233200,70720000,0,202040000,41.6281,5.1532,5.7415,150.7795,
600460.SH,Ê¿À¼Î¢,2005-12-16,2.6861,2.6711,2.7367,2.6336,2.7348,933491,13419261,0.0487,1.8144,14.3754,1.32,1031804800,N/A,2947763600,70720000,0,202040000,42.3834,5.2467,5.8457,153.5152,
600460.SH,Ê¿À¼Î¢,2005-12-19,2.7348,2.7554,2.7554,2.7086,2.7329,555799,8092282,-0.0019,-0.0685,14.5597,0.7859,1031097600,N/A,2945743200,70720000,0,202040000,42.3543,5.2432,5.8417,153.41,
600460.SH,Ê¿À¼Î¢,2005-12-20,2.7329,2.7461,2.7554,2.658,2.6936,634953,9102196,-0.0394,-1.4403,14.3352,0.8978,1016246400,N/A,2903314800,70720000,0,202040000,41.7443,5.1676,5.7575,151.2004,
600460.SH,Ê¿À¼Î¢,2005-12-21,2.6936,2.6992,2.7236,2.6505,2.6823,293008,4197169,-0.0112,-0.4175,14.3244,0.4143,1012003200,N/A,2891192400,70720000,0,202040000,41.57,5.1461,5.7335,150.5691,
600460.SH,Ê¿À¼Î¢,2005-12-22,2.6823,2.6805,2.6805,2.6523,2.658,350368,4974207,-0.0244,-0.9085,14.1971,0.4954,1002809600,N/A,2864927200,70720000,0,202040000,41.1923,5.0993,5.6814,149.2012,
600460.SH,Ê¿À¼Î¢,2005-12-23,2.658,2.643,2.7273,2.643,2.7254,872628,12569047,0.0675,2.5388,14.4037,1.2339,1028268800,N/A,2937661600,70720000,0,202040000,42.2381,5.2288,5.8256,152.9891,
600460.SH,Ê¿À¼Î¢,2005-12-26,2.7254,2.7179,2.7348,2.6805,2.7142,581618,8408983,-0.0112,-0.4127,14.4579,0.8224,1024025600,N/A,2925539200,70720000,0,202040000,42.0638,5.2072,5.8016,152.3578,
600460.SH,Ê¿À¼Î¢,2005-12-27,2.7142,2.7179,2.7648,2.7179,2.7423,1057066,15456208,0.0281,1.0359,14.6218,1.4947,1034633600,N/A,2955845200,70720000,0,202040000,42.4996,5.2611,5.8617,153.9361,
600460.SH,Ê¿À¼Î¢,2005-12-28,2.7423,2.7648,2.7742,2.6898,2.7161,1008776,14669492,-0.0262,-0.9569,14.5419,1.4264,1024732800,N/A,2927559600,70720000,0,202040000,42.0929,5.2108,5.8056,152.463,
600460.SH,Ê¿À¼Î¢,2005-12-29,2.7161,2.7142,2.7648,2.6805,2.7536,1195113,17341571,0.0375,1.3803,14.5104,1.6899,1038876800,N/A,2967967600,70720000,0,202040000,42.6738,5.2827,5.8857,154.5674,
600460.SH,Ê¿À¼Î¢,2005-12-30,2.7536,2.7179,2.7892,2.7011,2.7686,1988513,29254966,0.015,0.5446,14.712,2.8118,1044534400,N/A,2984130800,70720000,0,202040000,42.9062,5.3115,5.9178,155.4092,
600460.SH,Ê¿À¼Î¢,2006-01-04,2.7686,2.7292,2.8679,2.7198,2.8267,1361175,20286525,0.0581,2.0988,14.9037,1.9247,1066457600,N/A,3046763200,70720000,0,202040000,53.9026,5.105,4.85,-298.7923,
600460.SH,Ê¿À¼Î¢,2006-01-05,2.8267,2.8117,2.8679,2.7836,2.8435,1456959,21969171,0.0169,0.5968,15.0788,2.0602,1072822400,N/A,3064946800,70720000,0,202040000,54.2243,5.1354,4.8789,-300.5755,
600460.SH,Ê¿À¼Î¢,2006-01-06,2.8435,2.8473,2.8866,2.7929,2.8623,1355021,20504737,0.0187,0.6592,15.1324,1.916,1079894400,N/A,3085150800,70720000,0,202040000,54.5817,5.1693,4.9111,-302.5569,
600460.SH,Ê¿À¼Î¢,2006-01-09,2.8623,2.8585,2.8848,2.8117,2.8267,773114,11707127,-0.0356,-1.2443,15.1428,1.0932,1066457600,N/A,3046763200,70720000,0,202040000,53.9026,5.105,4.85,-298.7923,
600460.SH,Ê¿À¼Î¢,2006-01-10,2.8267,2.8398,2.9766,2.8398,2.9579,2880940,44917607,0.1312,4.6419,15.5913,4.0737,1115961600,N/A,3188191200,70720000,0,202040000,56.4047,5.3419,5.0751,-312.662,
600460.SH,Ê¿À¼Î¢,2006-01-11,2.9579,2.9035,2.9991,2.8848,2.9391,2619682,40996987,-0.0187,-0.6337,15.6496,3.7043,1108889600,N/A,3167987200,70720000,0,202040000,56.0473,5.3081,5.0429,-310.6806,
600460.SH,Ê¿À¼Î¢,2006-01-12,2.9391,2.9335,2.9785,2.8979,2.9523,939490,14745444,0.0131,0.4464,15.6952,1.3285,1113840000,N/A,3182130000,70720000,0,202040000,56.2975,5.3318,5.0655,-312.0675,
600460.SH,Ê¿À¼Î¢,2006-01-13,2.9523,2.9616,3.0366,2.8979,2.9373,1246673,19567090,-0.015,-0.5079,15.6954,1.7628,1108182400,N/A,3165966800,70720000,0,202040000,56.0115,5.3047,5.0397,-310.4825,
600460.SH,Ê¿À¼Î¢,2006-01-16,2.9373,2.9241,2.9241,2.643,2.7517,4217878,61650361,-0.1856,-6.3178,14.6164,5.9642,1038169600,N/A,2965947200,70720000,0,202040000,52.4728,4.9696,4.7213,-290.8668,
600460.SH,Ê¿À¼Î¢,2006-01-17,2.7517,2.7517,2.7648,2.6786,2.7573,767016,11170548,0.0056,0.2044,14.5636,1.0846,1040291200,N/A,2972008400,70720000,0,202040000,52.5801,4.9797,4.731,-291.4612,
600460.SH,Ê¿À¼Î¢,2006-01-18,2.7573,2.7554,2.8248,2.7104,2.8042,2580858,38307725,0.0469,1.6995,14.843,3.6494,1057971200,N/A,3022518400,70720000,0,202040000,53.4737,5.0643,4.8114,-296.4146,
600460.SH,Ê¿À¼Î¢,2006-01-19,2.8042,2.7929,2.8117,2.7198,2.791,904058,13323508,-0.0131,-0.4679,14.7374,1.2784,1053020800,N/A,3008375600,70720000,0,202040000,53.2235,5.0407,4.7889,-295.0277,
600460.SH,Ê¿À¼Î¢,2006-01-20,2.791,2.7873,2.7873,2.5136,2.7142,7959113,111222760,-0.0769,-2.7535,13.9743,11.2544,1024025600,N/A,2925539200,70720000,0,202040000,51.7579,4.9019,4.657,-286.904,
600460.SH,Ê¿À¼Î¢,2006-01-23,2.7142,2.6617,2.7086,2.5717,2.6992,6602371,92103593,-0.015,-0.5525,13.9501,9.3359,1018368000,N/A,2909376000,70720000,0,202040000,51.472,4.8748,4.6313,-285.3189,
600460.SH,Ê¿À¼Î¢,2006-01-24,2.6992,2.6617,2.7123,2.6242,2.7048,2824408,40075883,0.0056,0.2083,14.1891,3.9938,1020489600,N/A,2915437200,70720000,0,202040000,51.5792,4.8849,4.6409,-285.9133,
600460.SH,Ê¿À¼Î¢,2006-01-25,2.7048,2.6898,2.7742,2.6898,2.7611,1958417,28532601,0.0562,2.079,14.5692,2.7693,1041705600,N/A,2976049200,70720000,0,202040000,52.6515,4.9865,4.7374,-291.8575,
600460.SH,Ê¿À¼Î¢,2006-02-06,2.7611,2.7179,2.7536,2.6523,2.6673,2037231,29137731,-0.0937,-3.3944,14.3026,2.8807,1006345600,N/A,2875029200,70720000,0,202040000,50.8643,4.8172,4.5766,-281.9506,
600460.SH,Ê¿À¼Î¢,2006-02-07,2.6673,2.6617,2.6673,2.6055,2.6092,1693286,23776058,-0.0581,-2.1785,14.0414,2.3944,984422400,N/A,2812396800,70720000,0,202040000,49.7562,4.7123,4.4769,-275.8083,
600460.SH,Ê¿À¼Î¢,2006-02-08,2.6092,2.6092,2.6842,2.6055,2.6355,981082,13867176,0.0262,1.0057,14.1346,1.3873,994323200,N/A,2840682400,70720000,0,202040000,50.2567,4.7597,4.5219,-278.5822,
600460.SH,Ê¿À¼Î¢,2006-02-09,2.6355,2.6242,2.6242,2.5118,2.5268,1159608,15820675,-0.1087,-4.1252,13.6431,1.6397,953305600,N/A,2723499200,70720000,0,202040000,48.1835,4.5633,4.3354,-267.0902,
600460.SH,Ê¿À¼Î¢,2006-02-10,2.5268,2.6242,2.6242,2.5286,2.5399,807694,11039733,0.0131,0.5193,13.6682,1.1421,958256000,N/A,2737642000,70720000,0,202040000,48.4337,4.587,4.3579,-268.4772,
600460.SH,Ê¿À¼Î¢,2006-02-13,2.5399,2.5399,2.5867,2.4574,2.4836,1045473,13857425,-0.0562,-2.214,13.2547,1.4783,937040000,N/A,2677030000,70720000,0,202040000,47.3614,4.4855,4.2614,-262.533,
600460.SH,Ê¿À¼Î¢,2006-02-14,2.4836,2.4836,2.5155,2.4761,2.4968,1303048,17341138,0.0131,0.5283,13.3081,1.8425,941990400,N/A,2691172800,70720000,0,202040000,47.6116,4.5092,4.2839,-263.92,
600460.SH,Ê¿À¼Î¢,2006-02-15,2.4968,2.5024,2.5211,2.433,2.4499,1476388,19468644,-0.0469,-1.8769,13.1867,2.0877,924310400,N/A,2640662800,70720000,0,202040000,46.718,4.4245,4.2035,-258.9665,
600460.SH,Ê¿À¼Î¢,2006-02-16,2.4499,2.4499,2.4499,2.3712,2.3768,1389231,17770770,-0.0731,-2.9839,12.7918,1.9644,896729600,N/A,2561867200,70720000,0,202040000,45.3239,4.2925,4.0781,-251.2391,
600460.SH,Ê¿À¼Î¢,2006-02-17,2.3768,2.3805,2.5361,2.3768,2.4968,2896516,38718028,0.12,5.0473,13.3671,4.0958,941990400,N/A,2691172800,70720000,0,202040000,47.6116,4.5092,4.2839,-263.92,
600460.SH,Ê¿À¼Î¢,2006-02-20,2.4968,2.4911,2.5417,2.4836,2.5211,1517790,20414253,0.0244,0.976,13.45,2.1462,951184000,N/A,2717438000,70720000,0,202040000,48.0763,4.5532,4.3257,-266.4958,
600460.SH,Ê¿À¼Î¢,2006-02-21,2.5211,2.5211,2.523,2.4162,2.4986,1022677,13446150,-0.0225,-0.8922,13.148,1.4461,942697600,N/A,2693193200,70720000,0,202040000,47.6473,4.5125,4.2871,-264.1181,
600460.SH,Ê¿À¼Î¢,2006-02-22,2.4986,2.4855,2.5474,2.4855,2.5024,1323315,17788103,0.0037,0.15,13.4421,1.8712,944112000,N/A,2697234000,70720000,0,202040000,47.7188,4.5193,4.2936,-264.5144,
600460.SH,Ê¿À¼Î¢,2006-02-23,2.5024,2.5099,2.5343,2.4574,2.4743,825882,10941541,-0.0281,-1.1236,13.2483,1.1678,933504000,N/A,2666928000,70720000,0,202040000,47.1826,4.4685,4.2453,-261.5423,
600460.SH,Ê¿À¼Î¢,2006-02-24,2.4743,2.4555,2.5118,2.4405,2.4743,1228847,16169789,0,0,13.1585,1.7376,933504000,N/A,2666928000,70720000,0,202040000,47.1826,4.4685,4.2453,-261.5423,
600460.SH,Ê¿À¼Î¢,2006-02-27,2.4743,2.4743,2.5211,2.4574,2.4911,548171,7257522,0.0169,0.6818,13.2395,0.7751,939868800,N/A,2685111600,70720000,0,202040000,47.5043,4.499,4.2743,-263.3256,
600460.SH,Ê¿À¼Î¢,2006-02-28,2.4911,2.4911,2.6111,2.4911,2.6092,1786218,24462565,0.1181,4.7404,13.6952,2.5258,984422400,N/A,2812396800,70720000,0,202040000,49.7562,4.7123,4.4769,-275.8083,
600460.SH,Ê¿À¼Î¢,2006-03-01,2.6092,2.6261,2.643,2.568,2.6055,1474494,20408606,-0.0037,-0.1437,13.8411,2.085,983008000,N/A,2808356000,70720000,0,202040000,49.6848,4.7055,4.4705,-275.412,
600460.SH,Ê¿À¼Î¢,2006-03-02,2.6055,2.6111,2.7273,2.6074,2.6842,3169391,44879475,0.0787,3.0216,14.1603,4.4816,1012710400,N/A,2893212800,70720000,0,202040000,51.186,4.8477,4.6055,-283.7338,
600460.SH,Ê¿À¼Î¢,2006-03-03,2.6842,2.6748,2.6805,2.6017,2.6748,1648954,23180766,-0.0094,-0.3492,14.0579,2.3317,1009174400,N/A,2883110800,70720000,0,202040000,51.0073,4.8308,4.5895,-282.7431,
600460.SH,Ê¿À¼Î¢,2006-03-06,2.6748,2.6523,2.6617,2.5717,2.5867,884052,12275764,-0.0881,-3.2936,13.8858,1.2501,975936000,N/A,2788152000,70720000,0,202040000,49.3273,4.6717,4.4383,-273.4306,
600460.SH,Ê¿À¼Î¢,2006-03-07,2.5867,2.5886,2.6392,2.4911,2.5436,1307654,17886647,-0.0431,-1.6667,13.6784,1.8491,959670400,N/A,2741682800,70720000,0,202040000,48.5052,4.5938,4.3643,-268.8734,
600460.SH,Ê¿À¼Î¢,2006-03-08,2.5436,2.4743,2.5399,2.4686,2.4893,608444,8076166,-0.0544,-2.1371,13.2735,0.8604,939161600,N/A,2683091200,70720000,0,202040000,47.4686,4.4956,4.2711,-263.1274,
600460.SH,Ê¿À¼Î¢,2006-03-09,2.4893,2.508,2.508,2.3974,2.3974,944300,12251116,-0.0918,-3.6898,12.9738,1.3353,904508800,N/A,2584091600,70720000,0,202040000,45.7171,4.3297,4.1135,-253.4187,
600460.SH,Ê¿À¼Î¢,2006-03-10,2.3974,2.418,2.4499,2.3224,2.4293,2161893,27454419,0.0319,1.3292,12.6992,3.057,916531200,N/A,2618438400,70720000,0,202040000,46.3248,4.3873,4.1681,-256.787,
600460.SH,Ê¿À¼Î¢,2006-03-13,2.4293,2.4387,2.4668,2.4087,2.4124,948362,12339835,-0.0169,-0.6944,13.0117,1.341,910166400,N/A,2600254800,70720000,0,202040000,46.0031,4.3568,4.1392,-255.0038,
600460.SH,Ê¿À¼Î¢,2006-03-14,2.4124,2.3431,2.493,2.3393,2.4162,1311505,16783611,0.0037,0.1554,12.7972,1.8545,911580800,N/A,2604295600,70720000,0,202040000,46.0746,4.3636,4.1456,-255.4,
600460.SH,Ê¿À¼Î¢,2006-03-15,2.4162,2.4124,2.4836,2.4124,2.4686,1150906,15043466,0.0525,2.1722,13.071,1.6274,931382400,N/A,2660866800,70720000,0,202040000,47.0754,4.4584,4.2357,-260.9479,
600460.SH,Ê¿À¼Î¢,2006-03-16,2.4686,2.4555,2.4968,2.4368,2.463,742524,9779993,-0.0056,-0.2278,13.1713,1.0499,929260800,N/A,2654805600,70720000,0,202040000,46.9682,4.4482,4.226,-260.3535,
600460.SH,Ê¿À¼Î¢,2006-03-17,2.463,2.4743,2.493,2.4368,2.4705,459486,6007802,0.0075,0.3044,13.075,0.6497,932089600,N/A,2662887200,70720000,0,202040000,47.1112,4.4618,4.2389,-261.1461,
600460.SH,Ê¿À¼Î¢,2006-03-20,2.4705,2.4705,2.523,2.4218,2.5155,1258269,16579324,0.045,1.8209,13.1763,1.7792,949062400,N/A,2711376800,70720000,0,202040000,47.969,4.543,4.3161,-265.9014,
600460.SH,Ê¿À¼Î¢,2006-03-21,2.5155,2.5118,2.5193,2.4368,2.4855,1085528,14376685,-0.03,-1.1923,13.244,1.535,937747200,N/A,2679050400,70720000,0,202040000,47.3971,4.4889,4.2646,-262.7311,
600460.SH,Ê¿À¼Î¢,2006-03-22,2.4855,2.4705,2.5043,2.4368,2.4968,1062677,14020164,0.0112,0.4525,13.1933,1.5027,941990400,N/A,2691172800,70720000,0,202040000,47.6116,4.5092,4.2839,-263.92,
600460.SH,Ê¿À¼Î¢,2006-03-23,2.4968,2.4911,2.493,2.4312,2.4536,2765855,36130241,-0.0431,-1.7267,13.063,3.911,925724800,N/A,2644703600,70720000,0,202040000,46.7895,4.4313,4.21,-259.3628,
600460.SH,Ê¿À¼Î¢,2006-03-24,2.4536,2.4499,2.4536,2.3993,2.418,2459214,31737453,-0.0356,-1.4515,12.9055,3.4774,912288000,N/A,2606316000,70720000,0,202040000,46.1103,4.367,4.1489,-255.5982,
600460.SH,Ê¿À¼Î¢,2006-03-27,2.418,2.3937,2.4162,2.3412,2.3805,2556172,32152240,-0.0375,-1.5504,12.5783,3.6145,898144000,N/A,2565908000,70720000,0,202040000,45.3954,4.2993,4.0845,-251.6354,
600460.SH,Ê¿À¼Î¢,2006-03-28,2.3805,2.3787,2.4274,2.3412,2.4199,1664001,21127650,0.0394,1.6535,12.6969,2.3529,912995200,N/A,2608336400,70720000,0,202040000,46.1461,4.3704,4.1521,-255.7963,
600460.SH,Ê¿À¼Î¢,2006-03-29,2.4199,2.4368,2.4743,2.4237,2.4574,2511348,32863350,0.0375,1.5492,13.0859,3.5511,927139200,N/A,2648744400,70720000,0,202040000,46.8609,4.4381,4.2164,-259.7591,
600460.SH,Ê¿À¼Î¢,2006-03-30,2.4574,2.4555,2.4574,2.3843,2.4237,1490132,19134142,-0.0337,-1.373,12.8406,2.1071,914409600,N/A,2612377200,70720000,0,202040000,46.2175,4.3771,4.1585,-256.1926,
600460.SH,Ê¿À¼Î¢,2006-03-31,2.4237,2.4087,2.4162,2.3543,2.4105,1626769,20608840,-0.0131,-0.5414,12.6686,2.3003,909459200,N/A,2598234400,70720000,0,202040000,45.9673,4.3534,4.136,-254.8056,
600460.SH,Ê¿À¼Î¢,2006-04-03,2.4105,2.3993,2.4162,2.3393,2.4143,2007655,25463640,0.0037,0.1555,12.6833,2.8389,910873600,N/A,2602275200,70720000,0,202040000,46.0388,4.3602,4.1424,-255.2019,
600460.SH,Ê¿À¼Î¢,2006-04-04,2.4143,2.4143,2.5736,2.4087,2.5586,4560559,60870546,0.1443,5.9783,13.3472,6.4488,965328000,N/A,2757846000,70720000,0,202040000,48.7911,4.6209,4.3901,-270.4585,
600460.SH,Ê¿À¼Î¢,2006-04-05,2.5586,2.5586,2.6392,2.5324,2.6373,4353925,60522782,0.0787,3.0769,13.9007,6.1566,995030400,N/A,2842702800,70720000,0,202040000,50.2924,4.7631,4.5251,-278.7803,
600460.SH,Ê¿À¼Î¢,2006-04-06,2.6373,2.643,2.6767,2.5867,2.6392,3847380,53742836,0.0019,0.0711,13.9687,5.4403,995737600,N/A,2844723200,70720000,0,202040000,50.3282,4.7664,4.5284,-278.9785,
600460.SH,Ê¿À¼Î¢,2006-04-07,2.6392,2.628,2.7273,2.5999,2.6973,4564619,65095477,0.0581,2.2017,14.2609,6.4545,1017660800,N/A,2907355600,70720000,0,202040000,51.4362,4.8714,4.6281,-285.1208,
600460.SH,Ê¿À¼Î¢,2006-04-10,2.6973,2.7179,2.791,2.6992,2.7498,4188720,61494787,0.0525,1.9458,14.681,5.923,1037462400,N/A,2963926800,70720000,0,202040000,52.4371,4.9662,4.7181,-290.6686,
600460.SH,Ê¿À¼Î¢,2006-04-11,2.7498,2.7742,2.7798,2.6505,2.6955,4824861,69352758,-0.0544,-1.9768,14.374,6.8225,1016953600,N/A,2905335200,70720000,0,202040000,51.4005,4.868,4.6248,-284.9226,
600460.SH,Ê¿À¼Î¢,2006-04-12,2.6955,2.6805,2.688,2.6392,2.6523,2140023,30323780,-0.0431,-1.5994,14.1698,3.0261,1000688000,N/A,2858866000,70720000,0,202040000,50.5784,4.7901,4.5509,-280.3654,
600460.SH,Ê¿À¼Î¢,2006-04-13,2.6523,2.643,2.688,2.5605,2.5699,2452640,34204812,-0.0825,-3.1095,13.9461,3.4681,969571200,N/A,2769968400,70720000,0,202040000,49.0056,4.6412,4.4094,-271.6474,
600460.SH,Ê¿À¼Î¢,2006-04-14,2.5699,2.5699,2.6317,2.5361,2.6205,1848359,25515571,0.0506,1.9694,13.8044,2.6136,988665600,N/A,2824519200,70720000,0,202040000,49.9707,4.7326,4.4962,-276.9971,
600460.SH,Ê¿À¼Î¢,2006-04-17,2.6205,2.6242,2.7311,2.6074,2.7179,7775833,111866184,0.0975,3.7196,14.3864,10.9952,1025440000,N/A,2929580000,70720000,0,202040000,51.8294,4.9086,4.6634,-287.3003,
600460.SH,Ê¿À¼Î¢,2006-04-18,2.7179,2.7179,2.7179,2.7179,2.7179,N/A,N/A,0,0,N/A,N/A,1025440000,N/A,2929580000,70720000,0,202040000,51.8294,4.9086,4.6634,-287.3003,
600460.SH,Ê¿À¼Î¢,2006-04-19,2.7179,2.7554,2.7704,2.628,2.6598,2066224,29551689,-0.0581,-2.1379,14.3023,2.9217,1003516800,N/A,2866947600,70720000,0,202040000,50.7213,4.8037,4.5637,-281.158,
600460.SH,Ê¿À¼Î¢,2006-04-20,2.6598,2.6617,2.688,2.5755,2.6242,2342609,32750804,-0.0356,-1.339,13.9805,3.3125,990080000,N/A,2828560000,70720000,0,202040000,50.0422,4.7394,4.5026,-277.3934,
600460.SH,Ê¿À¼Î¢,2006-04-21,2.6242,2.6242,2.6861,2.5642,2.6561,2941828,41237559,0.0319,1.2143,14.0177,4.1598,1002102400,N/A,2862906800,70720000,0,202040000,50.6499,4.7969,4.5573,-280.7617,
600460.SH,Ê¿À¼Î¢,2006-04-24,2.6561,2.6898,2.7254,2.5774,2.7048,5899876,83460759,0.0487,1.8349,14.1462,8.3426,1020489600,N/A,2915437200,70720000,0,202040000,51.5792,4.8849,4.6409,-285.9133,
600460.SH,Ê¿À¼Î¢,2006-04-25,2.7048,2.6898,2.6936,2.6055,2.6505,3157220,44687225,-0.0544,-2.0097,14.154,4.4644,999980800,N/A,2856845600,70720000,0,202040000,50.5426,4.7868,4.5477,-280.1673,
600460.SH,Ê¿À¼Î¢,2006-04-26,2.6505,2.643,2.9148,2.6074,2.821,9656311,144041214,0.1706,6.4356,14.9168,13.6543,1064336000,N/A,3040702000,70720000,0,202040000,53.7954,5.0948,4.8403,-298.1979,
600460.SH,Ê¿À¼Î¢,2006-04-27,2.821,2.9054,2.9954,2.821,2.8529,7686878,117769213,0.0319,1.1296,15.3208,10.8695,1076358400,N/A,3075048800,70720000,0,202040000,54.403,5.1524,4.895,-301.5662,
600460.SH,Ê¿À¼Î¢,2006-04-28,2.8529,2.8303,2.9963,2.7548,2.9699,5335936,40892577,0.117,4.1005,7.6636,3.7726,1113132800,N/A,3180109600,141440000,0,404080000,56.2617,5.3284,5.0622,-311.8694,
600460.SH,Ê¿À¼Î¢,2006-05-08,2.9699,2.9322,3.0831,2.834,3.0605,14859816,115674711,0.0906,3.0496,7.7844,10.5061,1147078400,N/A,3277088800,141440000,0,404080000,57.9775,5.4909,5.2166,-321.38,
600460.SH,Ê¿À¼Î¢,2006-05-09,3.0605,3.0605,3.3661,3.0265,3.2869,18098574,155661687,0.2264,7.3983,8.6008,12.7959,1231942400,N/A,3519536800,141440000,0,404080000,62.2668,5.8971,5.6026,-345.1566,
600460.SH,Ê¿À¼Î¢,2006-05-10,3.2869,3.3208,3.3661,3.2265,3.3057,14914489,130977883,0.0189,0.5741,8.7819,10.5447,1239014400,N/A,3539740800,141440000,0,404080000,62.6242,5.931,5.6347,-347.138,
600460.SH,Ê¿À¼Î¢,2006-05-11,3.3057,3.2982,3.3473,3.0756,3.0982,14956252,129344719,-0.2076,-6.2785,8.6482,10.5743,1161222400,N/A,3317496800,141440000,0,404080000,58.6924,5.5586,5.2809,-325.3428,
600460.SH,Ê¿À¼Î¢,2006-05-12,3.0982,3.0756,3.3963,3.0378,3.3774,17057026,146587202,0.2793,9.0134,8.5939,12.0595,1265888000,N/A,3616516000,141440000,0,404080000,63.9825,6.0596,5.7569,-354.6672,
600460.SH,Ê¿À¼Î¢,2006-05-15,3.3774,3.4341,3.7171,3.4341,3.7171,19219876,183763843,0.3396,10.0559,9.5611,13.5887,1393184000,N/A,3980188000,141440000,0,404080000,70.4165,6.669,6.3358,-390.3321,
600460.SH,Ê¿À¼Î¢,2006-05-16,3.7171,3.7209,4.068,3.585,3.8605,21733881,222351447,0.1434,3.8579,10.2306,15.3661,1446931200,N/A,4133738400,141440000,0,404080000,73.1331,6.9262,6.5803,-405.3906,
600460.SH,Ê¿À¼Î¢,2006-05-17,3.8605,3.868,4.0114,3.7246,3.8605,12377940,126173231,0,0,10.1934,8.7514,1446931200,N/A,4133738400,141440000,0,404080000,73.1331,6.9262,6.5803,-405.3906,
600460.SH,Ê¿À¼Î¢,2006-05-18,3.8605,3.8492,3.8529,3.585,3.7963,11821301,116004758,-0.0642,-1.6618,9.8132,8.3578,1422886400,N/A,4065044800,141440000,0,404080000,71.9178,6.8111,6.4709,-398.6539,
600460.SH,Ê¿À¼Î¢,2006-05-19,3.7963,3.785,3.9624,3.6944,3.9548,12583414,128043686,0.1585,4.175,10.1756,8.8966,1482291200,N/A,4234758400,141440000,0,404080000,74.9203,7.0955,6.7411,-415.2975,
600460.SH,Ê¿À¼Î¢,2006-05-22,3.9548,3.9548,4.0152,3.868,3.9397,9497978,99246542,-0.0151,-0.3817,10.4492,6.7152,1476633600,N/A,4218595200,141440000,0,404080000,74.6344,7.0684,6.7153,-413.7124,
600460.SH,Ê¿À¼Î¢,2006-05-23,3.9397,3.9171,3.9171,3.5473,3.5473,8218169,80861062,-0.3925,-9.9617,9.8393,5.8104,1329536000,N/A,3798352000,141440000,0,404080000,67.1995,6.3643,6.0464,-372.4997,
600460.SH,Ê¿À¼Î¢,2006-05-24,3.5473,3.5058,3.6869,3.1925,3.3095,9714236,86653589,-0.2377,-6.7021,8.9203,6.8681,1240428800,N/A,3543781600,141440000,0,404080000,62.6957,5.9377,5.6412,-347.5343,
600460.SH,Ê¿À¼Î¢,2006-05-25,3.3095,3.3057,3.4001,3.2491,3.3624,4046066,35754944,0.0528,1.5964,8.837,2.8606,1260230400,N/A,3600352800,141440000,0,404080000,63.6966,6.0325,5.7312,-353.0821,
600460.SH,Ê¿À¼Î¢,2006-05-26,3.3624,3.3397,3.5095,3.3284,3.4642,4035210,36903567,0.1019,3.0303,9.1454,2.8529,1298419200,N/A,3709454400,141440000,0,404080000,65.6268,6.2153,5.9049,-363.7816,
600460.SH,Ê¿À¼Î¢,2006-05-29,3.4642,3.468,3.6152,3.3322,3.585,7484538,68824056,0.1208,3.4858,9.1955,5.2917,1343680000,N/A,3838760000,141440000,0,404080000,67.9144,6.432,6.1107,-376.4624,
600460.SH,Ê¿À¼Î¢,2006-05-30,3.585,3.6227,3.6492,3.5095,3.5359,7051423,66492566,-0.0491,-1.3684,9.4297,4.9855,1325292800,N/A,3786229600,141440000,0,404080000,66.9851,6.344,6.0271,-371.3109,
600460.SH,Ê¿À¼Î¢,2006-05-31,3.5359,3.5473,3.5661,3.3284,3.4152,6481350,59265255,-0.1208,-3.4152,9.144,4.5824,1280032000,N/A,3656924000,141440000,0,404080000,64.6974,6.1273,5.8213,-358.63,
600460.SH,Ê¿À¼Î¢,2006-06-01,3.4152,3.4416,3.7586,3.4416,3.7586,13629253,131504949,0.3434,10.0552,9.6487,9.6361,1408742400,N/A,4024636800,141440000,0,404080000,71.2029,6.7434,6.4066,-394.6911,
600460.SH,Ê¿À¼Î¢,2006-06-02,3.7586,3.7963,3.8869,3.6793,3.7359,14775307,148330616,-0.0226,-0.6024,10.0391,10.4463,1400256000,N/A,4000392000,141440000,0,404080000,70.774,6.7028,6.368,-392.3135,
600460.SH,Ê¿À¼Î¢,2006-06-05,3.7359,3.7284,3.7284,3.585,3.7171,5656391,54886175,-0.0189,-0.5051,9.7034,3.9991,1393184000,N/A,3980188000,141440000,0,404080000,70.4165,6.669,6.3358,-390.3321,
600460.SH,Ê¿À¼Î¢,2006-06-06,3.7171,3.7359,3.868,3.7095,3.7322,6509555,65505567,0.0151,0.4061,10.063,4.6023,1398841600,N/A,3996351200,141440000,0,404080000,70.7025,6.696,6.3616,-391.9172,
600460.SH,Ê¿À¼Î¢,2006-06-07,3.7322,3.6982,3.8114,3.3586,3.4605,6310024,60443102,-0.2717,-7.2801,9.5789,4.4613,1297004800,N/A,3705413600,141440000,0,404080000,65.5553,6.2086,5.8984,-363.3853,
600460.SH,Ê¿À¼Î¢,2006-06-08,3.4605,3.4341,3.4529,3.2076,3.4001,5446775,48214219,-0.0604,-1.7448,8.8519,3.8509,1274374400,N/A,3640760800,141440000,0,404080000,64.4115,6.1002,5.7955,-357.0449,
600460.SH,Ê¿À¼Î¢,2006-06-09,3.4001,3.4152,3.4529,3.2793,3.2831,3371095,30137663,-0.117,-3.4406,8.94,2.3834,1230528000,N/A,3515496000,141440000,0,404080000,62.1953,5.8904,5.5961,-344.7603,
600460.SH,Ê¿À¼Î¢,2006-06-12,3.2831,3.2642,3.3963,3.2001,3.3208,2414695,21237349,0.0377,1.1494,8.795,1.7072,1244672000,N/A,3555904000,141440000,0,404080000,62.9102,5.9581,5.6604,-348.7231,
600460.SH,Ê¿À¼Î¢,2006-06-13,3.3208,3.3208,3.4378,3.2869,3.3737,2209353,19728935,0.0528,1.5909,8.9297,1.562,1264473600,N/A,3612475200,141440000,0,404080000,63.911,6.0528,5.7505,-354.271,
600460.SH,Ê¿À¼Î¢,2006-06-14,3.3737,3.3208,3.3888,3.2642,3.3133,2017048,17719885,-0.0604,-1.7897,8.7851,1.4261,1241843200,N/A,3547822400,141440000,0,404080000,62.7672,5.9445,5.6476,-347.9305,
600460.SH,Ê¿À¼Î¢,2006-06-15,3.3133,3.3133,3.4114,3.3133,3.385,2355318,20976640,0.0717,2.164,8.9061,1.6652,1268716800,N/A,3624597600,141440000,0,404080000,64.1255,6.0732,5.7698,-355.4598,
600460.SH,Ê¿À¼Î¢,2006-06-16,3.385,3.4039,3.5397,3.385,3.5133,4346484,39717218,0.1283,3.7904,9.1378,3.073,1316806400,N/A,3761984800,141440000,0,404080000,66.5561,6.3034,5.9885,-368.9332,
600460.SH,Ê¿À¼Î¢,2006-06-19,3.5133,3.468,3.5737,3.3963,3.5473,4423163,41191482,0.034,0.9667,9.3127,3.1272,1329536000,N/A,3798352000,141440000,0,404080000,67.1995,6.3643,6.0464,-372.4997,
600460.SH,Ê¿À¼Î¢,2006-06-20,3.5473,3.5473,3.5473,3.4642,3.4718,2814855,26054726,-0.0755,-2.1277,9.2562,1.9901,1301248000,N/A,3717536000,141440000,0,404080000,65.7698,6.2289,5.9177,-364.5742,
600460.SH,Ê¿À¼Î¢,2006-06-21,3.4718,3.4718,3.5284,3.4152,3.4454,2852335,26172320,-0.0264,-0.7609,9.1758,2.0166,1291347200,N/A,3689250400,141440000,0,404080000,65.2693,6.1815,5.8727,-361.8002,
600460.SH,Ê¿À¼Î¢,2006-06-22,3.4454,3.4341,3.4491,3.3397,3.3586,2858097,25669132,-0.0868,-2.5192,8.9812,2.0207,1258816000,N/A,3596312000,141440000,0,404080000,63.6251,6.0258,5.7248,-352.6859,
600460.SH,Ê¿À¼Î¢,2006-06-23,3.3586,3.3586,3.4831,3.3133,3.4605,3947252,35769951,0.1019,3.0337,9.062,2.7908,1297004800,N/A,3705413600,141440000,0,404080000,65.5553,6.2086,5.8984,-363.3853,
600460.SH,Ê¿À¼Î¢,2006-06-26,3.4605,3.4718,3.6605,3.4718,3.6114,6889826,65383823,0.1509,4.3621,9.4899,4.8712,1353580800,N/A,3867045600,141440000,0,404080000,68.4148,6.4794,6.1557,-379.2364,
600460.SH,Ê¿À¼Î¢,2006-06-27,3.6114,3.6303,3.6416,3.5246,3.5624,3255119,30724356,-0.0491,-1.3584,9.4388,2.3014,1335193600,N/A,3814515200,141440000,0,404080000,67.4855,6.3914,6.0721,-374.0848,
600460.SH,Ê¿À¼Î¢,2006-06-28,3.5624,3.5586,3.6416,3.5284,3.5699,2639339,25056219,0.0075,0.2119,9.4934,1.866,1338022400,N/A,3822596800,141440000,0,404080000,67.6285,6.4049,6.085,-374.8773,
600460.SH,Ê¿À¼Î¢,2006-06-29,3.5699,3.5661,3.7133,3.551,3.6907,6107047,59266645,0.1208,3.3827,9.7046,4.3178,1383283200,N/A,3951902400,141440000,0,404080000,69.9161,6.6216,6.2908,-387.5582,
600460.SH,Ê¿À¼Î¢,2006-06-30,3.6907,3.7058,3.8303,3.668,3.7095,7354020,72810868,0.0189,0.5112,9.9008,5.1994,1390355200,N/A,3972106400,141440000,0,404080000,70.2735,6.6554,6.323,-389.5396,
600460.SH,Ê¿À¼Î¢,2006-07-03,3.7095,3.7284,3.7699,3.6378,3.7473,5300055,52020030,0.0377,1.0173,9.815,3.7472,1404499200,N/A,4012514400,141440000,0,404080000,70.9884,6.7231,6.3873,-393.5023,
600460.SH,Ê¿À¼Î¢,2006-07-04,3.7473,3.7737,3.8869,3.702,3.7586,9902136,99775114,0.0113,0.3021,10.0761,7.0009,1408742400,N/A,4024636800,141440000,0,404080000,71.2029,6.7434,6.4066,-394.6911,
600460.SH,Ê¿À¼Î¢,2006-07-05,3.7586,3.7095,3.7171,3.5963,3.6416,4198959,40630064,-0.117,-3.1124,9.6762,2.9687,1364896000,N/A,3899372000,141440000,0,404080000,68.9867,6.5335,6.2072,-382.4066,
600460.SH,Ê¿À¼Î¢,2006-07-06,3.6416,3.6227,3.9624,3.6039,3.9435,13643686,137517372,0.3019,8.2902,10.0792,9.6463,1478048000,N/A,4222636000,141440000,0,404080000,74.7059,7.0752,6.7218,-414.1087,
600460.SH,Ê¿À¼Î¢,2006-07-07,3.9435,3.9209,4.0303,3.8567,3.868,12933889,135231586,-0.0755,-1.9139,10.4556,9.1444,1449760000,N/A,4141820000,141440000,0,404080000,73.2761,6.9398,6.5931,-406.1832,
600460.SH,Ê¿À¼Î¢,2006-07-10,3.868,3.8793,3.951,3.7548,3.8492,7074641,71699298,-0.0189,-0.4878,10.1347,5.0019,1442688000,N/A,4121616000,141440000,0,404080000,72.9186,6.9059,6.561,-404.2018,
600460.SH,Ê¿À¼Î¢,2006-07-11,3.8492,3.8643,3.8869,3.8039,3.8793,5729667,58352389,0.0302,0.7843,10.1843,4.051,1454003200,N/A,4153942400,141440000,0,404080000,73.4905,6.9601,6.6124,-407.372,
600460.SH,Ê¿À¼Î¢,2006-07-12,3.8793,3.9095,4.068,3.9095,4.0227,15986014,169570819,0.1434,3.6965,10.6074,11.3023,1507750400,N/A,4307492800,141440000,0,404080000,76.2071,7.2174,6.8569,-422.4305,
600460.SH,Ê¿À¼Î¢,2006-07-13,4.0227,4.0567,4.1888,3.7548,3.7548,24474998,260533834,-0.2679,-6.6604,10.6449,17.3042,1407328000,N/A,4020596000,141440000,0,404080000,71.1314,6.7367,6.4002,-394.2949,
600460.SH,Ê¿À¼Î¢,2006-07-14,3.7548,3.6944,4.0341,3.6416,3.8793,14111152,145132047,0.1245,3.3166,10.2849,9.9768,1454003200,N/A,4153942400,141440000,0,404080000,73.4905,6.9601,6.6124,-407.372,
600460.SH,Ê¿À¼Î¢,2006-07-17,3.8793,3.8492,3.9397,3.7737,3.8567,6467526,66438182,-0.0226,-0.5837,10.2726,4.5726,1445516800,N/A,4129697600,141440000,0,404080000,73.0616,6.9195,6.5738,-404.9943,
600460.SH,Ê¿À¼Î¢,2006-07-18,3.8567,3.868,4.0643,3.8227,4.0492,8917425,93578142,0.1925,4.9902,10.4939,6.3047,1517651200,N/A,4335778400,141440000,0,404080000,76.7075,7.2648,6.9019,-425.2044,
600460.SH,Ê¿À¼Î¢,2006-07-19,4.0492,4.0567,4.0944,3.8793,3.9058,8927053,93645711,-0.1434,-3.5415,10.4901,6.3115,1463904000,N/A,4182228000,141440000,0,404080000,73.991,7.0075,6.6575,-410.1459,
600460.SH,Ê¿À¼Î¢,2006-07-20,3.9058,3.9209,3.985,3.8303,3.9246,5037411,52247102,0.0189,0.4831,10.3718,3.5615,1470976000,N/A,4202432000,141440000,0,404080000,74.3484,7.0413,6.6896,-412.1273,
600460.SH,Ê¿À¼Î¢,2006-07-21,3.9246,3.936,4.0492,3.9171,3.936,5449151,57370294,0.0113,0.2885,10.5283,3.8526,1475219200,N/A,4214554400,141440000,0,404080000,74.5629,7.0616,6.7089,-413.3161,
600460.SH,Ê¿À¼Î¢,2006-07-24,3.936,3.8643,3.8944,3.7548,3.785,8643465,87114902,-0.1509,-3.8351,10.0787,6.111,1418643200,N/A,4052922400,141440000,0,404080000,71.7033,6.7908,6.4516,-397.4651,
600460.SH,Ê¿À¼Î¢,2006-07-25,3.785,3.8114,3.8605,3.7548,3.8303,5985841,60273309,0.0453,1.1964,10.0693,4.2321,1435616000,N/A,4101412000,141440000,0,404080000,72.5612,6.8721,6.5288,-402.2204,
600460.SH,Ê¿À¼Î¢,2006-07-26,3.8303,3.8265,3.8492,3.7812,3.7963,3237296,32628420,-0.034,-0.8867,10.0789,2.2888,1422886400,N/A,4065044800,141440000,0,404080000,71.9178,6.8111,6.4709,-398.6539,
600460.SH,Ê¿À¼Î¢,2006-07-27,3.7963,3.7926,3.8039,3.6416,3.6944,6262068,61752865,-0.1019,-2.6839,9.8614,4.4274,1384697600,N/A,3955943200,141440000,0,404080000,69.9876,6.6283,6.2972,-387.9544,
600460.SH,Ê¿À¼Î¢,2006-07-28,3.6944,3.6944,3.7209,3.4152,3.5133,6082043,57401172,-0.1811,-4.903,9.4378,4.3001,1316806400,N/A,3761984800,141440000,0,404080000,66.5561,6.3034,5.9885,-368.9332,
600460.SH,Ê¿À¼Î¢,2006-07-31,3.5133,3.5208,3.5322,3.2567,3.268,5568363,49404866,-0.2453,-6.9817,8.8724,3.9369,1224870400,N/A,3499332800,141440000,0,404080000,61.9094,5.8633,5.5704,-343.1752,
600460.SH,Ê¿À¼Î¢,2006-08-01,3.268,3.2454,3.3171,3.2303,3.2831,2636920,22908228,0.0151,0.4619,8.6875,1.8643,1230528000,N/A,3515496000,141440000,0,404080000,62.1953,5.8904,5.5961,-344.7603,
600460.SH,Ê¿À¼Î¢,2006-08-02,3.2831,3.2831,3.2831,3.1623,3.2491,3770745,32121909,-0.034,-1.0345,8.5187,2.666,1217798400,N/A,3479128800,141440000,0,404080000,61.5519,5.8294,5.5382,-341.1938,
600460.SH,Ê¿À¼Î¢,2006-08-03,3.2491,3.2869,3.3737,3.2454,3.302,4170890,36581520,0.0528,1.626,8.7707,2.9489,1237600000,N/A,3535700000,141440000,0,404080000,62.5528,5.9242,5.6283,-346.7417,
600460.SH,Ê¿À¼Î¢,2006-08-04,3.302,3.302,3.3737,3.1888,3.2001,3614250,31554986,-0.1019,-3.0857,8.7307,2.5553,1199411200,N/A,3426598400,141440000,0,404080000,60.6226,5.7414,5.4546,-336.0423,
600460.SH,Ê¿À¼Î¢,2006-08-07,3.2001,3.1699,3.1699,3.0189,3.0303,2957064,24149737,-0.1698,-5.3066,8.1668,2.0907,1135763200,N/A,3244762400,141440000,0,404080000,57.4056,5.4367,5.1652,-318.2098,
600460.SH,Ê¿À¼Î¢,2006-08-08,3.0303,3.034,3.1322,3.034,3.1284,2889624,23632727,0.0981,3.2379,8.1785,2.043,1172537600,N/A,3349823200,141440000,0,404080000,59.2643,5.6128,5.3324,-328.513,
600460.SH,Ê¿À¼Î¢,2006-08-09,3.1284,3.1322,3.1661,3.1057,3.1284,1942726,16161126,0,0,8.3188,1.3735,1172537600,N/A,3349823200,141440000,0,404080000,59.2643,5.6128,5.3324,-328.513,
600460.SH,Ê¿À¼Î¢,2006-08-10,3.1284,3.1246,3.219,3.1246,3.1925,2430957,20527448,0.0642,2.0507,8.4442,1.7187,1196582400,N/A,3418516800,141440000,0,404080000,60.4796,5.7279,5.4417,-335.2497,
600460.SH,Ê¿À¼Î¢,2006-08-11,3.1925,3.1963,3.2265,3.1435,3.185,1776752,14965627,-0.0075,-0.2364,8.423,1.2562,1193753600,N/A,3410435200,141440000,0,404080000,60.3366,5.7143,5.4289,-334.4572,
600460.SH,Ê¿À¼Î¢,2006-08-14,3.185,3.1812,3.1812,3.0114,3.0303,3206282,26064561,-0.1547,-4.8578,8.1292,2.2669,1135763200,N/A,3244762400,141440000,0,404080000,57.4056,5.4367,5.1652,-318.2098,
600460.SH,Ê¿À¼Î¢,2006-08-15,3.0303,3.0189,3.0944,3.0039,3.0831,1663949,13453113,0.0528,1.7435,8.0851,1.1764,1155564800,N/A,3301333600,141440000,0,404080000,58.4064,5.5315,5.2552,-323.7577,
600460.SH,Ê¿À¼Î¢,2006-08-16,3.0831,3.0906,3.185,3.068,3.1699,2554608,21094837,0.0868,2.8152,8.2576,1.8061,1188096000,N/A,3394272000,141440000,0,404080000,60.0506,5.6872,5.4032,-332.872,
600460.SH,Ê¿À¼Î¢,2006-08-17,3.1699,3.1548,3.1548,3.0642,3.102,1682231,13782032,-0.0679,-2.1429,8.1927,1.1894,1162636800,N/A,3321537600,141440000,0,404080000,58.7638,5.5654,5.2874,-325.7391,
600460.SH,Ê¿À¼Î¢,2006-08-18,3.102,3.0756,3.1284,3.0454,3.0642,1679591,13710969,-0.0377,-1.2165,8.1633,1.1875,1148492800,N/A,3281129600,141440000,0,404080000,58.049,5.4977,5.223,-321.7763,
600460.SH,Ê¿À¼Î¢,2006-08-21,3.0642,2.9699,3.0906,2.9095,3.0831,2179885,17458849,0.0189,0.6158,8.0091,1.5412,1155564800,N/A,3301333600,141440000,0,404080000,58.4064,5.5315,5.2552,-323.7577,
600460.SH,Ê¿À¼Î¢,2006-08-22,3.0831,3.0944,3.1095,3.0378,3.0718,3470175,28186414,-0.0113,-0.3672,8.1225,2.4535,1151321600,N/A,3289211200,141440000,0,404080000,58.1919,5.5112,5.2359,-322.5689,
600460.SH,Ê¿À¼Î¢,2006-08-23,3.0718,3.0793,3.0869,3.0001,3.0076,4199708,33796129,-0.0642,-2.0885,8.0473,2.9693,1127276800,N/A,3220517600,141440000,0,404080000,56.9766,5.3961,5.1266,-315.8322,
600460.SH,Ê¿À¼Î¢,2006-08-24,3.0076,3.0001,3.0152,2.9472,2.9661,4287937,33728867,-0.0415,-1.3802,7.866,3.0316,1111718400,N/A,3176068800,141440000,0,404080000,56.1902,5.3216,5.0558,-311.4731,
600460.SH,Ê¿À¼Î¢,2006-08-25,2.9661,2.9774,3.0756,2.9774,3.0265,3625518,29191369,0.0604,2.0356,8.0516,2.5633,1134348800,N/A,3240721600,141440000,0,404080000,57.3341,5.43,5.1587,-317.8135,
600460.SH,Ê¿À¼Î¢,2006-08-28,3.0265,3.0642,3.1322,3.0039,3.1284,5591771,45573649,0.1019,3.3666,8.1501,3.9535,1172537600,N/A,3349823200,141440000,0,404080000,59.2643,5.6128,5.3324,-328.513,
600460.SH,Ê¿À¼Î¢,2006-08-29,3.1284,3.1208,3.2378,3.1171,3.1473,7052126,59345906,0.0189,0.6031,8.4153,4.9859,1179609600,N/A,3370027200,141440000,0,404080000,59.6217,5.6466,5.3646,-330.4944,
600460.SH,Ê¿À¼Î¢,2006-08-30,3.1473,3.1548,3.2039,3.1322,3.2039,4276862,36036433,0.0566,1.7986,8.4259,3.0238,1200825600,N/A,3430639200,141440000,0,404080000,60.694,5.7482,5.461,-336.4385,
600460.SH,Ê¿À¼Î¢,2006-08-31,3.2039,3.2454,3.302,3.1888,3.2152,5568613,47754066,0.0113,0.3534,8.5756,3.9371,1205068800,N/A,3442761600,141440000,0,404080000,60.9085,5.7685,5.4803,-337.6273,
600460.SH,Ê¿À¼Î¢,2006-09-01,3.2152,3.2454,3.2642,3.102,3.1208,4343264,36201801,-0.0943,-2.9343,8.3352,3.0707,1169708800,N/A,3341741600,141440000,0,404080000,59.1213,5.5992,5.3195,-327.7205,
600460.SH,Ê¿À¼Î¢,2006-09-04,3.1208,3.1246,3.1623,3.1208,3.1473,2109744,17580349,0.0264,0.8464,8.3329,1.4916,1179609600,N/A,3370027200,141440000,0,404080000,59.6217,5.6466,5.3646,-330.4944,
600460.SH,Ê¿À¼Î¢,2006-09-05,3.1473,3.1473,3.1623,3.0869,3.1095,2869393,23702329,-0.0377,-1.199,8.2604,2.0287,1165465600,N/A,3329619200,141440000,0,404080000,58.9068,5.5789,5.3002,-326.5316,
600460.SH,Ê¿À¼Î¢,2006-09-06,3.1095,3.1095,3.1095,3.0454,3.0642,4178543,34090851,-0.0453,-1.4563,8.1585,2.9543,1148492800,N/A,3281129600,141440000,0,404080000,58.049,5.4977,5.223,-321.7763,
600460.SH,Ê¿À¼Î¢,2006-09-07,3.0642,3.1359,3.1888,3.0982,3.151,8120604,67713750,0.0868,2.8325,8.3385,5.7414,1181024000,N/A,3374068000,141440000,0,404080000,59.6932,5.6534,5.371,-330.8907,
600460.SH,Ê¿À¼Î¢,2006-09-08,3.151,3.1359,3.1359,3.0793,3.1095,2196031,18096515,-0.0415,-1.3174,8.2406,1.5526,1165465600,N/A,3329619200,141440000,0,404080000,58.9068,5.5789,5.3002,-326.5316,
600460.SH,Ê¿À¼Î¢,2006-09-11,3.1095,3.1095,3.1246,3.0265,3.0793,3000966,24345457,-0.0302,-0.9709,8.1125,2.1217,1154150400,N/A,3297292800,141440000,0,404080000,58.3349,5.5247,5.2488,-323.3614,
600460.SH,Ê¿À¼Î¢,2006-09-12,3.0793,3.068,3.1963,3.0567,3.1623,4825851,40153094,0.083,2.6961,8.3204,3.4119,1185267200,N/A,3386190400,141440000,0,404080000,59.9077,5.6737,5.3903,-332.0795,
600460.SH,Ê¿À¼Î¢,2006-09-13,3.1623,3.1586,3.1737,3.0944,3.1171,4022642,33520253,-0.0453,-1.432,8.3329,2.8441,1168294400,N/A,3337700800,141440000,0,404080000,59.0498,5.5924,5.3131,-327.3242,
600460.SH,Ê¿À¼Î¢,2006-09-14,3.1171,3.1133,3.1888,3.0944,3.1888,3718919,30994614,0.0717,2.3002,8.3343,2.6293,1195168000,N/A,3414476000,141440000,0,404080000,60.4081,5.7211,5.4353,-334.8534,
600460.SH,Ê¿À¼Î¢,2006-09-15,3.1888,3.2114,3.302,3.2114,3.268,9509632,82169810,0.0792,2.4852,8.6407,6.7234,1224870400,N/A,3499332800,141440000,0,404080000,61.9094,5.8633,5.5704,-343.1752,
600460.SH,Ê¿À¼Î¢,2006-09-18,3.268,3.268,3.385,3.2529,3.3737,6560557,57994728,0.1057,3.2333,8.8399,4.6384,1264473600,N/A,3612475200,141440000,0,404080000,63.911,6.0528,5.7505,-354.271,
600460.SH,Ê¿À¼Î¢,2006-09-19,3.3737,3.3586,3.4039,3.2756,3.3057,4622089,40984220,-0.0679,-2.0134,8.867,3.2679,1239014400,N/A,3539740800,141440000,0,404080000,62.6242,5.931,5.6347,-347.138,
600460.SH,Ê¿À¼Î¢,2006-09-20,3.3057,3.2944,3.3246,3.2454,3.2907,2128198,18547423,-0.0151,-0.4566,8.7151,1.5047,1233356800,N/A,3523577600,141440000,0,404080000,62.3383,5.9039,5.609,-345.5529,
600460.SH,Ê¿À¼Î¢,2006-09-21,3.2907,3.2907,3.3774,3.2907,3.302,2589448,22915375,0.0113,0.344,8.8495,1.8308,1237600000,N/A,3535700000,141440000,0,404080000,62.5528,5.9242,5.6283,-346.7417,
600460.SH,Ê¿À¼Î¢,2006-09-22,3.302,3.3057,3.3925,3.2907,3.2944,2867717,25335637,-0.0075,-0.2286,8.8348,2.0275,1234771200,N/A,3527618400,141440000,0,404080000,62.4098,5.9107,5.6154,-345.9492,
600460.SH,Ê¿À¼Î¢,2006-09-25,3.2944,3.2831,3.3284,3.219,3.2982,2711188,23490526,0.0038,0.1145,8.6643,1.9168,1236185600,N/A,3531659200,141440000,0,404080000,62.4813,5.9174,5.6219,-346.3454,
600460.SH,Ê¿À¼Î¢,2006-09-26,3.2982,3.2982,3.3661,3.2265,3.3586,3052361,26571280,0.0604,1.8307,8.7052,2.1581,1258816000,N/A,3596312000,141440000,0,404080000,63.6251,6.0258,5.7248,-352.6859,
600460.SH,Ê¿À¼Î¢,2006-09-27,3.3586,3.3586,3.3586,3.2718,3.3208,1896182,16619962,-0.0377,-1.1236,8.765,1.3406,1244672000,N/A,3555904000,141440000,0,404080000,62.9102,5.9581,5.6604,-348.7231,
600460.SH,Ê¿À¼Î¢,2006-09-28,3.3208,3.351,3.4907,3.3397,3.4718,6522554,59401207,0.1509,4.5455,9.107,4.6115,1301248000,N/A,3717536000,141440000,0,404080000,65.7698,6.2289,5.9177,-364.5742,
600460.SH,Ê¿À¼Î¢,2006-09-29,3.4718,3.4718,3.585,3.4718,3.5397,6492674,61053373,0.0679,1.9565,9.4034,4.5904,1326707200,N/A,3790270400,141440000,0,404080000,67.0566,6.3507,6.0335,-371.7071,
600460.SH,Ê¿À¼Î¢,2006-10-09,3.5397,3.5775,3.6152,3.5171,3.5888,4193459,39639170,0.0491,1.3859,9.4526,2.9648,1345094400,N/A,3842800800,141440000,0,404080000,67.9859,6.4388,6.1171,-376.8587,
600460.SH,Ê¿À¼Î¢,2006-10-10,3.5888,3.5888,3.6039,3.5058,3.5473,3053929,28735740,-0.0415,-1.1567,9.4094,2.1592,1329536000,N/A,3798352000,141440000,0,404080000,67.1995,6.3643,6.0464,-372.4997,
600460.SH,Ê¿À¼Î¢,2006-10-11,3.5473,3.5246,3.5661,3.4341,3.5095,2644557,24511855,-0.0377,-1.0638,9.2688,1.8697,1315392000,N/A,3757944000,141440000,0,404080000,66.4846,6.2966,5.9821,-368.5369,
600460.SH,Ê¿À¼Î¢,2006-10-12,3.5095,3.5095,3.5284,3.3888,3.4454,3292922,29938001,-0.0642,-1.828,9.0916,2.3281,1291347200,N/A,3689250400,141440000,0,404080000,65.2693,6.1815,5.8727,-361.8002,
600460.SH,Ê¿À¼Î¢,2006-10-13,3.4454,3.4454,3.502,3.385,3.4944,2490391,22696034,0.0491,1.4239,9.1134,1.7607,1309734400,N/A,3741780800,141440000,0,404080000,66.1987,6.2695,5.9563,-366.9518,
600460.SH,Ê¿À¼Î¢,2006-10-16,3.4944,3.5095,3.6793,3.5095,3.6605,9815075,93775786,0.166,4.7516,9.5543,6.9394,1371968000,N/A,3919576000,141440000,0,404080000,69.3442,6.5674,6.2394,-384.388,
600460.SH,Ê¿À¼Î¢,2006-10-17,3.6605,3.6529,3.7133,3.5473,3.6001,4702025,45450571,-0.0604,-1.6495,9.6662,3.3244,1349337600,N/A,3854923200,141440000,0,404080000,68.2004,6.4591,6.1364,-378.0475,
600460.SH,Ê¿À¼Î¢,2006-10-18,3.6001,3.585,3.6982,3.585,3.6907,3537504,34272143,0.0906,2.5157,9.6882,2.5011,1383283200,N/A,3951902400,141440000,0,404080000,69.9161,6.6216,6.2908,-387.5582,
600460.SH,Ê¿À¼Î¢,2006-10-19,3.6907,3.6907,3.7171,3.6152,3.6303,2492461,24155536,-0.0604,-1.636,9.6914,1.7622,1360652800,N/A,3887249600,141440000,0,404080000,68.7723,6.5132,6.1879,-381.2177,
600460.SH,Ê¿À¼Î¢,2006-10-20,3.6303,3.6492,3.7058,3.5699,3.6378,2801569,26932351,0.0075,0.2079,9.6133,1.9807,1363481600,N/A,3895331200,141440000,0,404080000,68.9153,6.5268,6.2008,-382.0103,
600460.SH,Ê¿À¼Î¢,2006-10-23,3.6378,3.6152,3.6416,3.5095,3.5246,3361252,31715834,-0.1132,-3.112,9.4357,2.3765,1321049600,N/A,3774107200,141440000,0,404080000,66.7706,6.3237,6.0078,-370.122,
600460.SH,Ê¿À¼Î¢,2006-10-24,3.5246,3.5095,3.5963,3.502,3.5925,2780442,26273701,0.0679,1.9272,9.4495,1.9658,1346508800,N/A,3846841600,141440000,0,404080000,68.0574,6.4455,6.1236,-377.255,
600460.SH,Ê¿À¼Î¢,2006-10-25,3.5925,3.585,3.6076,3.5133,3.585,2136718,20116855,-0.0075,-0.2101,9.4148,1.5107,1343680000,N/A,3838760000,141440000,0,404080000,67.9144,6.432,6.1107,-376.4624,
600460.SH,Ê¿À¼Î¢,2006-10-26,3.585,3.5812,3.5812,3.4416,3.4831,2012088,18607916,-0.1019,-2.8421,9.2481,1.4226,1305491200,N/A,3729658400,141440000,0,404080000,65.9842,6.2492,5.937,-365.763,
600460.SH,Ê¿À¼Î¢,2006-10-27,3.4831,3.4567,3.5473,3.3208,3.3548,3150466,28365872,-0.1283,-3.6836,9.0037,2.2274,1257401600,N/A,3592271200,141440000,0,404080000,63.5536,6.019,5.7183,-352.2896,
600460.SH,Ê¿À¼Î¢,2006-10-30,3.3548,3.3246,3.4605,3.3208,3.4529,1754904,15898263,0.0981,2.9246,9.0593,1.2407,1294176000,N/A,3697332000,141440000,0,404080000,65.4123,6.195,5.8856,-362.5928,
600460.SH,Ê¿À¼Î¢,2006-10-31,3.4529,3.4529,3.5473,3.4303,3.4944,2156680,20068071,0.0415,1.2022,9.3051,1.5248,1309734400,N/A,3741780800,141440000,0,404080000,66.1987,6.2695,5.9563,-366.9518,
600460.SH,Ê¿À¼Î¢,2006-11-01,3.4944,3.5095,3.6114,3.4642,3.5888,3158718,29694934,0.0943,2.6998,9.4009,2.2333,1345094400,N/A,3842800800,141440000,0,404080000,67.9859,6.4388,6.1171,-376.8587,
600460.SH,Ê¿À¼Î¢,2006-11-02,3.5888,3.585,3.6492,3.5322,3.5963,2336452,22329935,0.0075,0.2103,9.5572,1.3236,1682229405.5,N/A,3850882400,176519350,0,404080000,68.1289,6.4523,6.13,-377.6513,
600460.SH,Ê¿À¼Î¢,2006-11-03,3.5963,3.5925,3.619,3.5586,3.5925,1383408,13116550,-0.0038,-0.1049,9.4813,0.7837,1680464212,N/A,3846841600,176519350,0,404080000,68.0574,6.4455,6.1236,-377.255,
600460.SH,Ê¿À¼Î¢,2006-11-06,3.5925,3.5925,3.8416,3.5661,3.8039,5606460,54962603,0.2113,5.8824,9.8034,3.1761,1779315048,N/A,4073126400,176519350,0,404080000,72.0608,6.8247,6.4838,-399.4465,
600460.SH,Ê¿À¼Î¢,2006-11-07,3.8039,3.7737,3.8378,3.6982,3.7775,3502575,34939958,-0.0264,-0.6944,9.9755,1.9842,1766958693.5,N/A,4044840800,176519350,0,404080000,71.5603,6.7773,6.4388,-396.6725,
600460.SH,Ê¿À¼Î¢,2006-11-08,3.7775,3.7737,3.7737,3.6454,3.6492,2079341,20381697,-0.1283,-3.3966,9.802,1.178,1706942114.5,N/A,3907453600,176519350,0,404080000,69.1297,6.5471,6.2201,-383.1991,
600460.SH,Ê¿À¼Î¢,2006-11-09,3.6492,3.6492,3.8303,3.6416,3.8265,4949542,49418785,0.1774,4.8604,9.9845,2.804,1789906209,N/A,4097371200,176519350,0,404080000,72.4897,6.8653,6.5224,-401.8241,
600460.SH,Ê¿À¼Î¢,2006-11-10,3.8265,3.819,3.8492,3.6227,3.7133,4491614,44135363,-0.1132,-2.9586,9.8262,2.5445,1736950404,N/A,3976147200,176519350,0,404080000,70.345,6.6622,6.3294,-389.9358,
600460.SH,Ê¿À¼Î¢,2006-11-13,3.7133,3.702,3.7473,3.4529,3.4907,3362554,31668539,-0.2226,-5.9959,9.418,1.9049,1632803987.5,N/A,3737740000,176519350,0,404080000,66.1272,6.2627,5.9499,-366.5555,
600460.SH,Ê¿À¼Î¢,2006-11-14,3.4907,3.4907,3.4907,3.4907,3.4907,N/A,N/A,0,0,N/A,N/A,1632803987.5,N/A,3737740000,176519350,0,404080000,66.1272,6.2627,5.9499,-366.5555,
600460.SH,Ê¿À¼Î¢,2006-11-15,3.4907,3.5699,3.6982,3.5473,3.6944,2922978,28022126,0.2038,5.8378,9.5868,1.6559,1728124436.5,N/A,3955943200,176519350,0,404080000,69.9876,6.6283,6.2972,-387.9544,
600460.SH,Ê¿À¼Î¢,2006-11-16,3.6944,3.7359,3.751,3.502,3.5284,3836810,36404689,-0.166,-4.4944,9.4883,2.1736,1650455922.5,N/A,3778148000,176519350,0,404080000,66.8421,6.3304,6.0142,-370.5183,
600460.SH,Ê¿À¼Î¢,2006-11-17,3.5284,3.4907,3.5359,3.4454,3.502,2647511,24426516,-0.0264,-0.7487,9.2262,1.4998,1638099568,N/A,3749862400,176519350,0,404080000,66.3417,6.283,5.9692,-367.7444,
600460.SH,Ê¿À¼Î¢,2006-11-20,3.502,3.4944,3.4944,3.3473,3.3888,5893791,52893669,-0.1132,-3.2328,8.9745,3.3389,1585143763,N/A,3628638400,176519350,0,404080000,64.197,6.0799,5.7762,-355.8561,
600460.SH,Ê¿À¼Î¢,2006-11-21,3.3888,3.3812,3.5171,3.3435,3.5095,3646494,32945443,0.1208,3.5635,9.0348,2.0658,1641629955,N/A,3757944000,176519350,0,404080000,66.4846,6.2966,5.9821,-368.5369,
600460.SH,Ê¿À¼Î¢,2006-11-22,3.5095,3.5095,3.5624,3.4718,3.5322,2495874,23280157,0.0226,0.6452,9.3275,1.4139,1652221116,N/A,3782188800,176519350,0,404080000,66.9136,6.3372,6.0207,-370.9146,
600460.SH,Ê¿À¼Î¢,2006-11-23,3.5322,3.5322,3.5548,3.4152,3.4378,2688150,24722081,-0.0943,-2.6709,9.1967,1.5229,1608091278.5,N/A,3681168800,176519350,0,404080000,65.1264,6.1679,5.8599,-361.0077,
600460.SH,Ê¿À¼Î¢,2006-11-24,3.4378,3.4567,3.5133,3.419,3.4756,2910701,26696831,0.0377,1.0977,9.172,1.6489,1625743213.5,N/A,3721576800,176519350,0,404080000,65.8412,6.2356,5.9242,-364.9704,
600460.SH,Ê¿À¼Î¢,2006-11-27,3.4756,3.4756,3.6944,3.4642,3.6416,4535541,43389143,0.166,4.7774,9.5665,2.5694,1703411727.5,N/A,3899372000,176519350,0,404080000,68.9867,6.5335,6.2072,-382.4066,
600460.SH,Ê¿À¼Î¢,2006-11-28,3.6416,3.6265,3.6756,3.585,3.6114,2615929,25094813,-0.0302,-0.829,9.5931,1.482,1689290179.5,N/A,3867045600,176519350,0,404080000,68.4148,6.4794,6.1557,-379.2364,
600460.SH,Ê¿À¼Î¢,2006-11-29,3.6114,3.5661,3.6831,3.4718,3.6265,4521452,42633525,0.0151,0.418,9.4292,2.5614,1696350953.5,N/A,3883208800,176519350,0,404080000,68.7008,6.5065,6.1815,-380.8215,
600460.SH,Ê¿À¼Î¢,2006-11-30,3.6265,3.6152,3.668,3.5812,3.6341,5528500,53110397,0.0075,0.2081,9.6067,3.132,1699881340.5,N/A,3891290400,176519350,0,404080000,68.8438,6.52,6.1943,-381.614,
600460.SH,Ê¿À¼Î¢,2006-12-01,3.6341,3.6303,3.6529,3.551,3.5586,5113383,48540132,-0.0755,-2.0768,9.4928,2.8968,1664577470.5,N/A,3810474400,176519350,0,404080000,67.414,6.3846,6.0657,-373.6885,
600460.SH,Ê¿À¼Î¢,2006-12-04,3.5586,3.551,3.6982,3.4907,3.6831,10629756,100719626,0.1245,3.4995,9.4753,6.0219,1722828856,N/A,3943820800,176519350,0,404080000,69.7731,6.608,6.278,-386.7656,
600460.SH,Ê¿À¼Î¢,2006-12-05,3.6831,3.6605,3.819,3.6605,3.7737,11524472,114339275,0.0906,2.459,9.9214,6.5287,1765193500,N/A,4040800000,176519350,0,404080000,71.4889,6.7705,6.4323,-396.2762,
600460.SH,Ê¿À¼Î¢,2006-12-06,3.7737,3.7737,3.936,3.6529,3.8454,11880588,120031772,0.0717,1.9,10.1032,6.7305,1798732176.5,N/A,4117575200,176519350,0,404080000,72.8471,6.8992,6.5545,-403.8055,
600460.SH,Ê¿À¼Î¢,2006-12-07,3.8454,3.819,3.9209,3.7058,3.7171,7048660,71120998,-0.1283,-3.3366,10.09,3.9931,1738715597.5,N/A,3980188000,176519350,0,404080000,70.4165,6.669,6.3358,-390.3321,
600460.SH,Ê¿À¼Î¢,2006-12-08,3.7171,3.6756,3.6982,3.4567,3.4756,5010655,47285146,-0.2415,-6.4975,9.4369,2.8386,1625743213.5,N/A,3721576800,176519350,0,404080000,65.8412,6.2356,5.9242,-364.9704,
600460.SH,Ê¿À¼Î¢,2006-12-11,3.4756,3.4567,3.5548,3.4529,3.5473,2775413,25836239,0.0717,2.063,9.309,1.5723,1659281890,N/A,3798352000,176519350,0,404080000,67.1995,6.3643,6.0464,-372.4997,
600460.SH,Ê¿À¼Î¢,2006-12-12,3.5473,3.5473,3.5775,3.4416,3.4756,3482211,32180161,-0.0717,-2.0213,9.2413,1.9727,1625743213.5,N/A,3721576800,176519350,0,404080000,65.8412,6.2356,5.9242,-364.9704,
600460.SH,Ê¿À¼Î¢,2006-12-13,3.4756,3.4756,3.5095,3.4001,3.4378,3805115,34707090,-0.0377,-1.0858,9.1212,2.1556,1608091278.5,N/A,3681168800,176519350,0,404080000,65.1264,6.1679,5.8599,-361.0077,
600460.SH,Ê¿À¼Î¢,2006-12-14,3.4378,3.4341,3.5133,3.4076,3.502,2820615,25942032,0.0642,1.8661,9.1973,1.5979,1638099568,N/A,3749862400,176519350,0,404080000,66.3417,6.283,5.9692,-367.7444,
600460.SH,Ê¿À¼Î¢,2006-12-15,3.502,3.5284,3.5284,3.4718,3.5095,3883870,35975028,0.0075,0.2155,9.2627,2.2003,1641629955,N/A,3757944000,176519350,0,404080000,66.4846,6.2966,5.9821,-368.5369,
600460.SH,Ê¿À¼Î¢,2006-12-18,3.5095,3.5095,3.5095,3.4378,3.4831,9526397,87592549,-0.0264,-0.7527,9.1947,5.3968,1629273600.5,N/A,3729658400,176519350,0,404080000,65.9842,6.2492,5.937,-365.763,
600460.SH,Ê¿À¼Î¢,2006-12-19,3.4831,3.4944,3.6831,3.4756,3.6529,8484802,80246715,0.1698,4.8754,9.4577,4.8067,1708707308,N/A,3911494400,176519350,0,404080000,69.2012,6.5539,6.2265,-383.5954,
600460.SH,Ê¿À¼Î¢,2006-12-20,3.6529,3.6718,3.6831,3.585,3.6114,9614355,92382397,-0.0415,-1.1364,9.6088,5.4466,1689290179.5,N/A,3867045600,176519350,0,404080000,68.4148,6.4794,6.1557,-379.2364,
600460.SH,Ê¿À¼Î¢,2006-12-21,3.6114,3.6227,3.6567,3.5133,3.551,6814926,64510888,-0.0604,-1.6719,9.4661,3.8607,1661047083.5,N/A,3802392800,176519350,0,404080000,67.271,6.3711,6.0528,-372.8959,
600460.SH,Ê¿À¼Î¢,2006-12-22,3.551,3.5133,3.5661,3.4756,3.4944,3353432,31191353,-0.0566,-1.594,9.3013,1.8998,1634569181,N/A,3741780800,176519350,0,404080000,66.1987,6.2695,5.9563,-366.9518,
600460.SH,Ê¿À¼Î¢,2006-12-25,3.4944,3.4982,3.5473,3.4605,3.4831,3937740,36557638,-0.0113,-0.324,9.2839,2.2308,1629273600.5,N/A,3729658400,176519350,0,404080000,65.9842,6.2492,5.937,-365.763,
600460.SH,Ê¿À¼Î¢,2006-12-26,3.4831,3.4831,3.5284,3.4114,3.4642,3891384,35558005,-0.0189,-0.5417,9.1376,2.2045,1620447633,N/A,3709454400,176519350,0,404080000,65.6268,6.2153,5.9049,-363.7816,
600460.SH,Ê¿À¼Î¢,2006-12-27,3.4642,3.4718,3.4907,3.4152,3.4793,5516342,50347365,0.0151,0.4357,9.1269,3.1251,1627508407,N/A,3725617600,176519350,0,404080000,65.9127,6.2424,5.9306,-365.3667,
600460.SH,Ê¿À¼Î¢,2006-12-28,3.4793,3.4756,3.4793,3.3397,3.3548,5250978,47040349,-0.1245,-3.5792,8.9584,2.9747,1569257021.5,N/A,3592271200,176519350,0,404080000,63.5536,6.019,5.7183,-352.2896,
600460.SH,Ê¿À¼Î¢,2006-12-29,3.3548,3.3586,3.4152,3.3435,3.3548,4750797,42351307,0,0,8.9146,2.6914,1569257021.5,N/A,3592271200,176519350,0,404080000,63.5536,6.019,5.7183,-352.2896,
600460.SH,Ê¿À¼Î¢,2007-01-04,3.3548,3.3586,3.4152,3.2076,3.2227,8255323,71315607,-0.1321,-3.937,8.6387,4.6767,1507475249,N/A,3450843200,176519350,0,404080000,48.0417,4.7437,3.9464,226.2458,
600460.SH,Ê¿À¼Î¢,2007-01-05,3.2227,3.2076,3.302,3.1925,3.268,5759660,49645709,0.0453,1.4052,8.6196,3.2629,1528657571,N/A,3499332800,176519350,0,404080000,48.7168,4.8104,4.0018,229.4249,
600460.SH,Ê¿À¼Î¢,2007-01-08,3.268,3.2756,3.4416,3.268,3.4378,7750086,69252038,0.1698,5.1963,8.9356,4.3905,1608091278.5,N/A,3681168800,176519350,0,404080000,51.2483,5.0603,4.2098,241.3465,
600460.SH,Ê¿À¼Î¢,2007-01-09,3.4378,3.4416,3.4718,3.4152,3.4491,6035370,55062437,0.0113,0.3293,9.1233,3.4191,1613386859,N/A,3693291200,176519350,0,404080000,51.417,5.077,4.2236,242.1413,
600460.SH,Ê¿À¼Î¢,2007-01-10,3.4491,3.4567,3.5171,3.4001,3.5133,6990032,64136594,0.0642,1.86,9.1754,3.9599,1643395148.5,N/A,3761984800,176519350,0,404080000,52.3734,5.1714,4.3022,246.645,
600460.SH,Ê¿À¼Î¢,2007-01-11,3.5133,3.5208,3.6492,3.5208,3.5473,8899715,84555529,0.034,0.9667,9.5009,5.0418,1659281890,N/A,3798352000,176519350,0,404080000,52.8797,5.2214,4.3438,249.0293,
600460.SH,Ê¿À¼Î¢,2007-01-12,3.5473,3.5322,3.6152,3.3586,3.3586,6352398,58570085,-0.1887,-5.3191,9.2202,3.5987,1571022215,N/A,3596312000,176519350,0,404080000,50.0669,4.9437,4.1127,235.7831,
600460.SH,Ê¿À¼Î¢,2007-01-15,3.3586,3.351,3.4869,3.3208,3.4793,3877020,35273213,0.1208,3.5955,9.098,2.1964,1627508407,N/A,3725617600,176519350,0,404080000,51.8671,5.1214,4.2606,244.2607,
600460.SH,Ê¿À¼Î¢,2007-01-16,3.4793,3.5095,3.5925,3.4265,3.551,9244025,86156637,0.0717,2.0607,9.3203,5.2368,1661047083.5,N/A,3802392800,176519350,0,404080000,52.9359,5.227,4.3484,249.2943,
600460.SH,Ê¿À¼Î¢,2007-01-17,3.551,3.5812,3.585,3.4039,3.4756,8422583,78647710,-0.0755,-2.1254,9.3377,4.7715,1625743213.5,N/A,3721576800,176519350,0,404080000,51.8108,5.1159,4.256,243.9957,
600460.SH,Ê¿À¼Î¢,2007-01-18,3.4756,3.4529,3.7624,3.4378,3.7359,16574311,159577112,0.2604,7.4919,9.628,9.3895,1747541565,N/A,4000392000,176519350,0,404080000,55.6924,5.4992,4.5748,262.2756,
600460.SH,Ê¿À¼Î¢,2007-01-19,3.7359,3.7586,3.9586,3.7586,3.8831,20625605,211007739,0.1472,3.9394,10.2304,11.6846,1816384111.5,N/A,4157983200,176519350,0,404080000,57.8864,5.7158,4.755,272.6076,
600460.SH,Ê¿À¼Î¢,2007-01-22,3.8831,4.0039,4.2718,4.0039,4.2718,7974179,88327748,0.3887,10.0097,11.0767,4.5175,1998199042,N/A,4574185600,176519350,0,404080000,63.6806,6.2879,5.231,299.8949,
600460.SH,Ê¿À¼Î¢,2007-01-23,4.2718,4.5284,4.6039,4.2077,4.4039,23502632,275706866,0.1321,3.0919,11.7309,13.3145,2059980814.5,N/A,4715613600,176519350,0,404080000,65.6496,6.4823,5.3927,309.1673,
600460.SH,Ê¿À¼Î¢,2007-01-24,4.4039,4.3397,4.4379,4.2567,4.3058,11514558,131946524,-0.0981,-2.2279,11.4591,6.5231,2014085783.5,N/A,4610552800,176519350,0,404080000,64.1869,6.3379,5.2726,302.2792,
600460.SH,Ê¿À¼Î¢,2007-01-25,4.3058,4.3058,4.4529,4.1888,4.2454,13914946,160089004,-0.0604,-1.4023,11.5048,7.883,1985842687.5,N/A,4545900000,176519350,0,404080000,63.2868,6.249,5.1987,298.0404,
600460.SH,Ê¿À¼Î¢,2007-01-26,4.2454,4.1435,4.2492,3.8227,4.0907,13436908,143043514,-0.1547,-3.6444,10.6456,7.6121,1913469754,N/A,4380227200,176519350,0,404080000,60.9804,6.0213,5.0092,287.1785,
600460.SH,Ê¿À¼Î¢,2007-01-29,4.0907,4.1511,4.2869,4.1133,4.2114,8805203,98238942,0.1208,2.952,11.1569,4.9882,1969955946,N/A,4509532800,176519350,0,404080000,62.7806,6.1991,5.1571,295.6561,
600460.SH,Ê¿À¼Î¢,2007-01-30,4.2114,4.2265,4.2605,4.0114,4.0567,10156886,110866894,-0.1547,-3.6738,10.9154,5.754,1897583012.5,N/A,4343860000,176519350,0,404080000,60.4741,5.9713,4.9676,284.7942,
600460.SH,Ê¿À¼Î¢,2007-01-31,4.0567,3.9812,4.2492,3.8869,3.9209,9613844,103971550,-0.1359,-3.3488,10.8148,5.4463,1834036046.5,N/A,4198391200,176519350,0,404080000,58.4489,5.7713,4.8013,275.2569,
600460.SH,Ê¿À¼Î¢,2007-02-01,3.9209,3.868,4.0944,3.8114,4.019,9612319,100422705,0.0981,2.5024,10.4473,5.4455,1879931077.5,N/A,4303452000,176519350,0,404080000,59.9115,5.9158,4.9214,282.1449,
600460.SH,Ê¿À¼Î¢,2007-02-02,4.019,4.0303,4.1548,3.9473,3.9548,8937349,96286109,-0.0642,-1.5962,10.7735,5.0631,1849922788,N/A,4234758400,176519350,0,404080000,58.9552,5.8213,4.8428,277.6412,
600460.SH,Ê¿À¼Î¢,2007-02-05,3.9548,3.9246,4.1133,3.9171,4.0416,4852625,52003547,0.0868,2.1947,10.7166,2.7491,1890522238.5,N/A,4327696800,176519350,0,404080000,60.2491,5.9491,4.9491,283.7345,
600460.SH,Ê¿À¼Î¢,2007-02-06,4.0416,4.0756,4.1511,3.9888,4.1511,6694134,72388745,0.1094,2.7077,10.8138,3.7923,1941712850,N/A,4444880000,176519350,0,404080000,61.8805,6.1102,5.0831,291.4173,
600460.SH,Ê¿À¼Î¢,2007-02-07,4.1511,4.2077,4.2416,4.0567,4.1435,10133363,110927920,-0.0075,-0.1818,10.9468,5.7407,1938182463,N/A,4436798400,176519350,0,404080000,61.768,6.0991,5.0739,290.8875,
600460.SH,Ê¿À¼Î¢,2007-02-08,4.1435,4.136,4.1963,4.0831,4.1699,8076033,88581401,0.0264,0.6375,10.9684,4.5752,1950538817.5,N/A,4465084000,176519350,0,404080000,62.1617,6.138,5.1062,292.7419,
600460.SH,Ê¿À¼Î¢,2007-02-09,4.1699,4.1888,4.2114,4.019,4.0492,7339596,79422571,-0.1208,-2.8959,10.8211,4.158,1894052625.5,N/A,4335778400,176519350,0,404080000,60.3616,5.9602,4.9584,284.2643,
600460.SH,Ê¿À¼Î¢,2007-02-12,4.0492,4.0341,4.1888,4.0341,4.1133,8493727,92789264,0.0642,1.5843,10.9244,4.8118,1924060915,N/A,4404472000,176519350,0,404080000,61.3179,6.0546,5.0369,288.768,
600460.SH,Ê¿À¼Î¢,2007-02-13,4.1133,4.1699,4.3662,4.136,4.3322,12485582,141559938,0.2189,5.3211,11.3379,7.0732,2026442138,N/A,4638838400,176519350,0,404080000,64.5807,6.3768,5.3049,304.1337,
600460.SH,Ê¿À¼Î¢,2007-02-14,4.3322,4.3699,4.4454,4.2982,4.336,11010544,127694596,0.0038,0.0871,11.5975,6.2376,2028207331.5,N/A,4642879200,176519350,0,404080000,64.637,6.3824,5.3096,304.3986,
600460.SH,Ê¿À¼Î¢,2007-02-15,4.336,4.3586,4.468,4.3209,4.4152,9970328,116284909,0.0792,1.8277,11.6631,5.6483,2065276395,N/A,4727736000,176519350,0,404080000,65.8183,6.499,5.4066,309.962,
600460.SH,Ê¿À¼Î¢,2007-02-16,4.4152,4.4529,4.7247,4.385,4.6567,13244783,160962149,0.2415,5.4701,12.1529,7.5033,2178248779,N/A,4986347200,176519350,0,404080000,69.4186,6.8545,5.7024,326.9172,
600460.SH,Ê¿À¼Î¢,2007-02-26,4.6567,4.6567,5.0643,4.5737,4.9624,12861339,165404372,0.3057,6.564,12.8606,7.2861,2321229452.5,N/A,5313652000,176519350,0,404080000,73.9753,7.3044,6.0767,348.3761,
600460.SH,Ê¿À¼Î¢,2007-02-27,4.9624,5.0152,5.0379,4.468,4.468,14690775,183114807,-0.4944,-9.962,12.4646,8.3225,2089989104,N/A,4784307200,176519350,0,404080000,66.6059,6.5768,5.4713,313.671,
600460.SH,Ê¿À¼Î¢,2007-02-28,4.468,4.336,4.6039,4.2454,4.5284,12930869,150709273,0.0604,1.3514,11.655,7.3255,2118232200,N/A,4848960000,176519350,0,404080000,67.506,6.6657,5.5452,317.9098,
600460.SH,Ê¿À¼Î¢,2007-03-01,4.5284,4.5284,4.5284,4.1133,4.1661,10280910,116975477,-0.3623,-8,11.3779,5.8242,1948773624,N/A,4461043200,176519350,0,404080000,62.1055,6.1324,5.1016,292.477,
600460.SH,Ê¿À¼Î¢,2007-03-02,4.1661,4.1511,4.302,4.1322,4.2416,5669470,63621153,0.0755,1.8116,11.2217,3.2118,1984077494,N/A,4541859200,176519350,0,404080000,63.2306,6.2435,5.194,297.7755,
600460.SH,Ê¿À¼Î¢,2007-03-05,4.2416,4.2416,4.3926,4.1511,4.3171,6726090,76355850,0.0755,1.7794,11.3522,3.8104,2019381364,N/A,4622675200,176519350,0,404080000,64.3557,6.3546,5.2865,303.074,
600460.SH,Ê¿À¼Î¢,2007-03-06,4.3171,4.3133,4.3586,4.2303,4.3171,3869358,44129473,0,0,11.4049,1.9669,2250515124,N/A,4622675200,196723350,0,404080000,64.3557,6.3546,5.2865,303.074,
600460.SH,Ê¿À¼Î¢,2007-03-07,4.3171,4.3624,4.4001,4.3322,4.3812,5178684,59978946,0.0642,1.486,11.5819,2.6325,2283958093.5,N/A,4691368800,196723350,0,404080000,65.312,6.449,5.365,307.5777,
600460.SH,Ê¿À¼Î¢,2007-03-08,4.3812,4.3963,4.4907,4.3209,4.4831,6514926,76191545,0.1019,2.3256,11.6949,3.3117,2337073398,N/A,4800470400,196723350,0,404080000,66.8309,6.599,5.4898,314.7307,
600460.SH,Ê¿À¼Î¢,2007-03-09,4.4831,4.4718,4.6945,4.419,4.5926,12661092,153671819,0.1094,2.4411,12.1373,6.436,2394123169.5,N/A,4917653600,196723350,0,404080000,68.4623,6.7601,5.6238,322.4135,
600460.SH,Ê¿À¼Î¢,2007-03-12,4.5926,4.6228,4.6567,4.4756,4.6114,7188233,86842365,0.0189,0.4108,12.0812,3.654,2403959337,N/A,4937857600,196723350,0,404080000,68.7436,6.7879,5.6469,323.7381,
600460.SH,Ê¿À¼Î¢,2007-03-13,4.6114,4.6228,4.6794,4.5322,4.6303,8130294,99203454,0.0189,0.4092,12.2017,4.1329,2413795504.5,N/A,4958061600,196723350,0,404080000,69.0249,6.8156,5.67,325.0627,
600460.SH,Ê¿À¼Î¢,2007-03-14,4.6303,4.619,4.619,4.419,4.4756,9916258,118328115,-0.1547,-3.3415,11.9327,5.0407,2333138931,N/A,4792388800,196723350,0,404080000,66.7184,6.5879,5.4805,314.2008,
600460.SH,Ê¿À¼Î¢,2007-03-15,4.4756,4.4643,4.5624,4.4529,4.5058,6546639,78225555,0.0302,0.6745,11.949,3.3278,2348876799,N/A,4824715200,196723350,0,404080000,67.1684,6.6323,5.5175,316.3202,
600460.SH,Ê¿À¼Î¢,2007-03-16,4.5058,4.4982,4.5963,4.3435,4.3812,9061489,107939085,-0.1245,-2.7638,11.9118,4.6062,2283958093.5,N/A,4691368800,196723350,0,404080000,65.312,6.449,5.365,307.5777,
600460.SH,Ê¿À¼Î¢,2007-03-19,4.3812,4.2605,4.4379,4.1548,4.3548,5796214,66504322,-0.0264,-0.6029,11.4738,2.9464,2270187459,N/A,4663083200,196723350,0,404080000,64.9182,6.4101,5.3327,305.7232,
600460.SH,Ê¿À¼Î¢,2007-03-20,4.3548,4.3548,4.5096,4.3548,4.4492,4858618,57095562,0.0943,2.1664,11.7514,2.4698,2319368296.5,N/A,4764103200,196723350,0,404080000,66.3246,6.549,5.4482,312.3463,
600460.SH,Ê¿À¼Î¢,2007-03-21,4.4492,4.4643,4.6114,4.4529,4.5926,9209089,111580507,0.1434,3.2231,12.1163,4.6812,2394123169.5,N/A,4917653600,196723350,0,404080000,68.4623,6.7601,5.6238,322.4135,
600460.SH,Ê¿À¼Î¢,2007-03-22,4.5926,4.5926,4.6416,4.4982,4.5133,9968407,120705174,-0.0792,-1.7256,12.1088,5.0672,2352811266,N/A,4832796800,196723350,0,404080000,67.281,6.6434,5.5268,316.8501,
600460.SH,Ê¿À¼Î¢,2007-03-23,4.5133,4.5209,4.5511,4.2643,4.3586,11497946,133203342,-0.1547,-3.4281,11.585,5.8447,2272154692.5,N/A,4667124000,196723350,0,404080000,64.9745,6.4157,5.3373,305.9882,
600460.SH,Ê¿À¼Î¢,2007-03-26,4.3586,4.3662,4.6039,4.3662,4.6001,11186053,132847580,0.2415,5.5411,11.8762,5.6862,2398057636.5,N/A,4925735200,196723350,0,404080000,68.5748,6.7712,5.633,322.9433,
600460.SH,Ê¿À¼Î¢,2007-03-27,4.6001,4.5926,4.7435,4.5435,4.7171,16018207,198303144,0.117,2.5431,12.3799,8.1425,2459041875,N/A,5051000000,196723350,0,404080000,70.3187,6.9434,5.7763,331.156,
600460.SH,Ê¿À¼Î¢,2007-03-28,4.7171,4.7699,4.9209,4.5284,4.8303,24374556,309512073,0.1132,2.4,12.6982,12.3903,2518058880,N/A,5172224000,196723350,0,404080000,72.0064,7.11,5.9149,339.1038,
600460.SH,Ê¿À¼Î¢,2007-03-29,4.8303,4.8416,4.8454,4.5775,4.5888,12923843,160819124,-0.2415,-5,12.4436,6.5696,2392155936,N/A,4913612800,196723350,0,404080000,68.4061,6.7545,5.6192,322.1486,
600460.SH,Ê¿À¼Î¢,2007-03-30,4.5888,4.5133,4.6907,4.4945,4.6454,7064266,86470019,0.0566,1.2336,12.2405,3.591,2421664438.5,N/A,4974224800,196723350,0,404080000,69.2499,6.8378,5.6885,326.1224,
600460.SH,Ê¿À¼Î¢,2007-04-02,4.6454,4.6492,4.7737,4.6492,4.6982,9569760,119519826,0.0528,1.1373,12.4893,4.8646,2449205707.5,N/A,5030796000,196723350,0,404080000,70.0374,6.9156,5.7532,329.8314,
600460.SH,Ê¿À¼Î¢,2007-04-03,4.6982,4.6982,4.8303,4.6039,4.8152,13932618,174723715,0.117,2.49,12.5406,7.0823,2510189946,N/A,5156060800,196723350,0,404080000,71.7813,7.0878,5.8964,338.0441,
600460.SH,Ê¿À¼Î¢,2007-04-04,4.8152,4.7737,4.8379,4.7247,4.7624,8942343,113227531,-0.0528,-1.0972,12.662,4.5456,2482648677,N/A,5099489600,196723350,0,404080000,70.9938,7.01,5.8317,334.3351,
600460.SH,Ê¿À¼Î¢,2007-04-05,4.7624,4.7548,5.0341,4.7209,4.9511,16722964,217357653,0.1887,3.962,12.9976,8.5008,2581010352,N/A,5301529600,196723350,0,404080000,73.8065,7.2878,6.0628,347.5814,
600460.SH,Ê¿À¼Î¢,2007-04-06,4.9511,4.8945,5.0039,4.8492,4.936,11180203,145974434,-0.0151,-0.3049,13.0565,5.6832,2573141418,N/A,5285366400,196723350,0,404080000,73.5815,7.2656,6.0443,346.5216,
600460.SH,Ê¿À¼Î¢,2007-04-09,4.936,4.9813,5.0115,4.8681,4.9775,12013381,157386771,0.0415,0.841,13.101,6.1067,2594780986.5,N/A,5329815200,196723350,0,404080000,74.2003,7.3267,6.0951,349.4358,
600460.SH,Ê¿À¼Î¢,2007-04-10,4.9775,4.9813,5.2303,4.7171,5.1775,22603199,302291858,0.2,4.0182,13.3739,11.4898,2699044362,N/A,5543977600,196723350,0,404080000,77.1818,7.6211,6.3401,363.4768,
600460.SH,Ê¿À¼Î¢,2007-04-11,5.1775,5.1284,5.3398,5.0567,5.2869,20444563,284879104,0.1094,2.1137,13.9342,10.3925,2756094133.5,N/A,5661160800,196723350,0,404080000,78.8132,7.7821,6.4741,371.1597,
600460.SH,Ê¿À¼Î¢,2007-04-12,5.2869,5.2832,5.3888,5.2379,5.302,13185848,185110076,0.0151,0.2855,14.0385,6.7027,2763963067.5,N/A,5677324000,196723350,0,404080000,79.0382,7.8044,6.4925,372.2194,
600460.SH,Ê¿À¼Î¢,2007-04-13,5.302,5.3511,5.4718,5.2001,5.3662,17335187,247385997,0.0642,1.21,14.2707,8.812,2797406037,N/A,5746017600,196723350,0,404080000,79.9946,7.8988,6.5711,376.7231,
600460.SH,Ê¿À¼Î¢,2007-04-16,5.3662,5.619,5.7285,5.4681,5.5888,39340872,583315614,0.2226,4.1491,14.8272,19.9981,2913472813.5,N/A,5984424800,196723350,0,404080000,83.3136,8.2265,6.8437,392.3536,
600460.SH,Ê¿À¼Î¢,2007-04-17,5.5888,5.5813,5.5813,5.3322,5.4907,18712253,271188200,-0.0981,-1.7556,14.4925,9.512,2862324742.5,N/A,5879364000,196723350,0,404080000,81.851,8.0821,6.7236,385.4656,
600460.SH,Ê¿À¼Î¢,2007-04-18,5.4907,5.4832,5.5737,5.3058,5.5058,14265378,205877139,0.0151,0.2749,14.4319,7.2515,2870193676.5,N/A,5895527200,196723350,0,404080000,82.076,8.1043,6.7421,386.5253,
600460.SH,Ê¿À¼Î¢,2007-04-19,5.5058,5.4907,5.4907,4.9548,5.0416,14826082,205329497,-0.4642,-8.4304,13.8492,7.5365,2628223956,N/A,5398508800,196723350,0,404080000,75.1566,7.4211,6.1737,353.9395,
600460.SH,Ê¿À¼Î¢,2007-04-20,5.0416,5.0492,5.2718,5.0492,5.2039,9188725,126516444,0.1623,3.2186,13.7687,4.6709,2712814996.5,N/A,5572263200,196723350,0,404080000,77.5756,7.6599,6.3724,365.3313,
600460.SH,Ê¿À¼Î¢,2007-04-23,5.2039,5.2077,5.4379,5.2077,5.4115,11105928,157603252,0.2076,3.9884,14.1909,5.6455,2821012839,N/A,5794507200,196723350,0,404080000,80.6696,7.9655,6.6266,379.9022,
600460.SH,Ê¿À¼Î¢,2007-04-24,5.4115,5.419,5.5398,5.2832,5.4869,14569177,208898299,0.0755,1.3947,14.3384,7.4059,2860357509,N/A,5875323200,196723350,0,404080000,81.7947,8.0765,6.719,385.2007,
600460.SH,Ê¿À¼Î¢,2007-04-25,5.4869,5.4228,5.4228,5.136,5.2681,10596817,148486226,-0.2189,-3.989,14.0123,5.3867,2746257966,N/A,5640956800,196723350,0,404080000,78.5319,7.7544,6.451,369.835,
600460.SH,Ê¿À¼Î¢,2007-04-26,5.2681,5.2681,5.302,5.1511,5.2152,10851203,150256495,-0.0528,-1.0029,13.847,5.516,2718716697,N/A,5584385600,196723350,0,404080000,77.7444,7.6766,6.3863,366.1261,
600460.SH,Ê¿À¼Î¢,2007-04-27,5.2152,5.2152,5.2152,5.2152,5.2152,N/A,N/A,0,0,N/A,N/A,2718716697,N/A,5584385600,196723350,0,404080000,77.7444,7.6766,6.3863,366.1261,
600460.SH,Ê¿À¼Î¢,2007-04-30,5.2152,5.1775,5.3964,5.1775,5.3398,13420267,189557296,0.1245,2.3878,14.1247,6.8219,2783635402.5,N/A,5717732000,196723350,0,404080000,79.6008,7.8599,6.5388,374.8686,
600460.SH,Ê¿À¼Î¢,2007-05-08,5.3398,5.4001,5.5284,5.3511,5.4794,16127021,233100112,0.1396,2.6148,14.454,8.1978,2856423042,N/A,5867241600,196723350,0,404080000,81.6822,8.0654,6.7097,384.6708,
600460.SH,Ê¿À¼Î¢,2007-05-09,5.4794,5.4832,5.4945,5.1888,5.3624,13293651,187927981,-0.117,-2.135,14.1367,6.7575,2795438803.5,N/A,5741976800,196723350,0,404080000,79.9383,7.8932,6.5665,376.4582,
600460.SH,Ê¿À¼Î¢,2007-05-10,5.3624,5.3586,5.6417,5.2832,5.5888,20283921,297530018,0.2264,4.2224,14.6683,10.3109,2913472813.5,N/A,5984424800,196723350,0,404080000,83.3136,8.2265,6.8437,392.3536,
600460.SH,Ê¿À¼Î¢,2007-05-11,5.5888,5.5775,5.5775,5.3586,5.4379,11253651,162216427,-0.1509,-2.7009,14.4146,5.7205,2834783473.5,N/A,5822792800,196723350,0,404080000,81.0634,8.0043,6.6589,381.7567,
600460.SH,Ê¿À¼Î¢,2007-05-14,5.4379,5.3398,5.77,5.3171,5.7586,20911432,310015801,0.3208,5.8987,14.8252,10.6299,3001998321,N/A,6166260800,196723350,0,404080000,85.8451,8.4765,7.0517,404.2753,
600460.SH,Ê¿À¼Î¢,2007-05-15,5.7586,5.7662,5.8832,5.4907,5.536,19775192,299954099,-0.2226,-3.8663,15.1682,10.0523,2885931544.5,N/A,5927853600,196723350,0,404080000,82.526,8.1488,6.7791,388.6447,
600460.SH,Ê¿À¼Î¢,2007-05-16,5.536,5.4907,5.8869,5.4794,5.8794,17861647,269870232,0.3434,6.2031,15.1089,9.0796,3064949793,N/A,6295566400,196723350,0,404080000,87.6453,8.6542,7.1996,412.7529,
600460.SH,Ê¿À¼Î¢,2007-05-17,5.8794,5.9171,5.9436,5.7511,5.8379,16452758,255092484,-0.0415,-0.706,15.5045,8.3634,3043310224.5,N/A,6251117600,196723350,0,404080000,87.0264,8.5931,7.1487,409.8387,
600460.SH,Ê¿À¼Î¢,2007-05-18,5.8379,5.8115,5.8341,5.6605,5.6794,11811322,179098477,-0.1585,-2.7149,15.1633,6.004,2960686417.5,N/A,6081404000,196723350,0,404080000,84.6637,8.3598,6.9547,398.7119,
600460.SH,Ê¿À¼Î¢,2007-05-21,5.6794,5.4945,5.7247,5.453,5.6228,12349840,183898385,-0.0566,-0.9967,14.8908,6.2778,2931177915,N/A,6020792000,196723350,0,404080000,83.8199,8.2765,6.8853,394.738,
600460.SH,Ê¿À¼Î¢,2007-05-22,5.6228,5.6228,5.7737,5.6152,5.6718,14419540,216938272,0.0491,0.8725,15.0447,7.3299,2956751950.5,N/A,6073322400,196723350,0,404080000,84.5512,8.3487,6.9454,398.182,
600460.SH,Ê¿À¼Î¢,2007-05-23,5.6718,5.6718,5.8341,5.5473,5.7964,16758057,252356732,0.1245,2.1956,15.0588,8.5186,3021670656,N/A,6206668800,196723350,0,404080000,86.4076,8.532,7.0979,406.9245,
600460.SH,Ê¿À¼Î¢,2007-05-24,5.7964,5.7851,5.7851,5.453,5.57,17119703,253252645,-0.2264,-3.9063,14.7931,8.7024,2903636646,N/A,5964220800,196723350,0,404080000,83.0323,8.1988,6.8206,391.029,
600460.SH,Ê¿À¼Î¢,2007-05-25,5.57,5.5473,5.653,5.4907,5.5662,13040522,193275787,-0.0038,-0.0678,14.8212,6.6289,2901669412.5,N/A,5960180000,196723350,0,404080000,82.9761,8.1932,6.816,390.7641,
600460.SH,Ê¿À¼Î¢,2007-05-28,5.5662,5.5926,5.8454,5.5926,5.8002,21632657,328726107,0.234,4.2034,15.1958,10.9965,3023637889.5,N/A,6210709600,196723350,0,404080000,86.4639,8.5376,7.1025,407.1894,
600460.SH,Ê¿À¼Î¢,2007-05-29,5.8002,5.7813,6.019,5.736,5.9964,24370667,378899128,0.1962,3.3832,15.5473,12.3883,3125934031.5,N/A,6420831200,196723350,0,404080000,89.3892,8.8264,7.3428,420.9655,
600460.SH,Ê¿À¼Î¢,2007-05-30,5.9964,5.5851,5.8681,5.3964,5.3964,19105711,283688346,-0.6,-10.0063,14.8484,9.712,2813143905,N/A,5778344000,196723350,0,404080000,80.4446,7.9432,6.6081,378.8425,
600460.SH,Ê¿À¼Î¢,2007-05-31,5.3964,5.2643,5.3888,4.8567,4.9775,15344034,203837281,-0.4189,-7.7622,13.2845,7.7998,2594780986.5,N/A,5329815200,196723350,0,404080000,74.2003,7.3267,6.0951,349.4358,
600460.SH,Ê¿À¼Î¢,2007-06-01,4.9775,5.019,5.1624,4.4794,4.4794,17540840,219841260,-0.4981,-10.0076,12.5331,8.9165,2335106164.5,N/A,4796429600,196723350,0,404080000,66.7747,6.5934,5.4852,314.4658,
600460.SH,Ê¿À¼Î¢,2007-06-04,4.4794,4.6228,4.7133,4.1624,4.3737,16284659,193233262,-0.1057,-2.3589,11.866,8.2779,2280023626.5,N/A,4683287200,196723350,0,404080000,65.1995,6.4379,5.3558,307.0479,
600460.SH,Ê¿À¼Î¢,2007-06-05,4.3737,4.3699,4.7171,4.1888,4.7058,15957725,190220728,0.3321,7.5928,11.9203,8.1118,2453140174.5,N/A,5038877600,196723350,0,404080000,70.15,6.9267,5.7624,330.3612,
600460.SH,Ê¿À¼Î¢,2007-06-06,4.7058,4.7624,4.8681,4.6341,4.7548,17452747,221200647,0.0491,1.0425,12.6743,8.8717,2478714210,N/A,5091408000,196723350,0,404080000,70.8813,6.9989,5.8225,333.8053,
600460.SH,Ê¿À¼Î¢,2007-06-07,4.7548,4.7473,4.8869,4.6605,4.8831,13792810,175744819,0.1283,2.6984,12.7418,7.0113,2545600149,N/A,5228795200,196723350,0,404080000,72.7939,7.1878,5.9796,342.8127,
600460.SH,Ê¿À¼Î¢,2007-06-08,4.8831,4.8454,4.936,4.7548,4.8228,11770726,150793261,-0.0604,-1.2365,12.8109,5.9834,2514124413,N/A,5164142400,196723350,0,404080000,71.8939,7.0989,5.9057,338.5739,
600460.SH,Ê¿À¼Î¢,2007-06-11,4.8228,4.8228,4.9699,4.7964,4.853,11447068,147459623,0.0302,0.626,12.8819,5.8189,2529862281,N/A,5196468800,196723350,0,404080000,72.3439,7.1434,5.9426,340.6933,
600460.SH,Ê¿À¼Î¢,2007-06-12,4.853,4.9058,4.9209,4.5133,4.8681,13390991,168118859,0.0151,0.311,12.5546,6.807,2537731215,N/A,5212632000,196723350,0,404080000,72.5689,7.1656,5.9611,341.753,
600460.SH,Ê¿À¼Î¢,2007-06-13,4.8681,4.8756,5.1549,4.8303,5.1247,19769052,261795422,0.2566,5.2713,13.2427,10.0492,2671503093,N/A,5487406400,196723350,0,404080000,76.3943,7.5433,6.2754,359.7679,
600460.SH,Ê¿À¼Î¢,2007-06-14,5.1247,5.053,5.053,4.9058,4.9398,12559735,165257326,-0.1849,-3.6082,13.1577,6.3845,2575108651.5,N/A,5289407200,196723350,0,404080000,73.6378,7.2711,6.0489,346.7866,
600460.SH,Ê¿À¼Î¢,2007-06-15,4.9398,4.8718,5.019,4.8341,4.9322,8356636,109422608,-0.0075,-0.1528,13.0941,4.2479,2571174184.5,N/A,5281325600,196723350,0,404080000,73.5253,7.26,6.0397,346.2567,
600460.SH,Ê¿À¼Î¢,2007-06-18,4.9322,4.9435,5.0794,4.9435,5.0643,11823762,157505593,0.1321,2.6779,13.3211,6.0104,2640027357,N/A,5422753600,196723350,0,404080000,75.4942,7.4544,6.2014,355.5291,
600460.SH,Ê¿À¼Î¢,2007-06-19,5.0643,5.0945,5.2643,5.0416,5.2492,17694580,243502097,0.1849,3.6513,13.7614,8.9947,2736421798.5,N/A,5620752800,196723350,0,404080000,78.2507,7.7266,6.4279,368.5104,
600460.SH,Ê¿À¼Î¢,2007-06-20,5.2492,5.2983,5.3209,4.9096,4.9813,12607314,172535300,-0.2679,-5.1042,13.6853,6.4087,2596748220,N/A,5333856000,196723350,0,404080000,74.2566,7.3322,6.0998,349.7007,
600460.SH,Ê¿À¼Î¢,2007-06-21,4.9813,4.9247,5.053,4.8567,4.9171,8016486,104846817,-0.0642,-1.2879,13.0789,4.075,2563305250.5,N/A,5265162400,196723350,0,404080000,73.3002,7.2378,6.0212,345.197,
600460.SH,Ê¿À¼Î¢,2007-06-22,4.9171,4.9095,4.9626,4.436,4.5875,8181225,101242479,-0.3296,-6.7026,12.375,4.1587,2382319768.5,N/A,4893408800,196723350,0,404080000,68.1248,6.7268,5.5961,320.8239,
600460.SH,Ê¿À¼Î¢,2007-06-25,4.5875,4.6027,4.6595,4.1292,4.1633,8309829,95847075,-0.4243,-9.2486,11.5342,4.2241,2161989616.5,N/A,4440839200,196723350,0,404080000,61.8242,6.1046,5.0785,291.1524,
600460.SH,Ê¿À¼Î¢,2007-06-26,4.1633,4.1216,4.3792,4.042,4.364,6581728,72739049,0.2008,4.8226,11.0517,3.3457,2266252992,N/A,4655001600,196723350,0,404080000,64.8057,6.399,5.3234,305.1934,
600460.SH,Ê¿À¼Î¢,2007-06-27,4.364,4.3527,4.3943,4.2277,4.3905,5452270,62347626,0.0265,0.6076,11.4352,2.7715,2280023626.5,N/A,4683287200,196723350,0,404080000,65.1995,6.4379,5.3558,307.0479,
600460.SH,Ê¿À¼Î¢,2007-06-28,4.3905,4.3905,4.3905,3.9511,3.9511,7042907,77273660,-0.4394,-10.0086,10.9718,3.5801,2051824540.5,N/A,4214554400,196723350,0,404080000,58.6739,5.7936,4.8197,276.3166,
600460.SH,Ê¿À¼Î¢,2007-06-29,3.9511,3.8072,3.9473,3.6973,3.7541,6912100,69560399,-0.197,-4.9856,10.0636,3.5136,1949528398.5,N/A,4004432800,196723350,0,404080000,55.7487,5.5047,4.5794,262.5405,
600460.SH,Ê¿À¼Î¢,2007-07-02,3.7541,3.7541,4.0042,3.7541,4.0004,5819823,59520570,0.2462,6.559,10.2272,2.9584,2077398576,N/A,4267084800,196723350,0,404080000,59.4053,5.8658,4.8798,279.7606,
600460.SH,Ê¿À¼Î¢,2007-07-03,4.0004,4.0269,4.0345,3.8564,3.9738,4080020,42541788,-0.0265,-0.6629,10.4269,2.074,2063627941.5,N/A,4238799200,196723350,0,404080000,59.0115,5.8269,4.8475,277.9061,
600460.SH,Ê¿À¼Î¢,2007-07-04,3.9738,3.9625,3.9625,3.811,3.8337,3074286,31444051,-0.1402,-3.5272,10.2281,1.5627,1990840302,N/A,4089289600,196723350,0,404080000,56.93,5.6214,4.6765,268.1039,
600460.SH,Ê¿À¼Î¢,2007-07-05,3.8337,3.811,3.936,3.7428,3.7844,5027502,50880450,-0.0492,-1.2846,10.1204,2.5556,1965266266.5,N/A,4036759200,196723350,0,404080000,56.1987,5.5492,4.6164,264.6599,
600460.SH,Ê¿À¼Î¢,2007-07-06,3.7844,3.7428,4.0117,3.7428,3.9738,5214447,53499864,0.1894,5.005,10.2599,2.6506,2063627941.5,N/A,4238799200,196723350,0,404080000,59.0115,5.8269,4.8475,277.9061,
600460.SH,Ê¿À¼Î¢,2007-07-09,3.9738,3.9776,4.1102,3.9701,4.042,6725921,71789066,0.0682,1.7159,10.6735,3.419,2099038144.5,N/A,4311533600,196723350,0,404080000,60.0241,5.9269,4.9306,282.6748,
600460.SH,Ê¿À¼Î¢,2007-07-10,4.042,4.0496,4.0534,3.8488,3.8791,4259808,44185531,-0.1629,-4.03,10.3727,2.1654,2014447104,N/A,4137779200,196723350,0,404080000,57.6051,5.688,4.7319,271.283,
600460.SH,Ê¿À¼Î¢,2007-07-11,3.8791,3.8413,4.0458,3.811,4.0042,2895201,30076020,0.125,3.2227,10.3882,1.4717,2079365809.5,N/A,4271125600,196723350,0,404080000,59.4615,5.8713,4.8844,280.0255,
600460.SH,Ê¿À¼Î¢,2007-07-12,4.0042,4.0079,4.0155,3.9398,3.9776,2193608,23008888,-0.0265,-0.6623,10.4891,1.1151,2065595175,N/A,4242840000,196723350,0,404080000,59.0677,5.8324,4.8521,278.1711,
600460.SH,Ê¿À¼Î¢,2007-07-13,3.9776,3.9701,4.0155,3.8564,3.9132,1989583,20538909,-0.0644,-1.619,10.3232,1.0114,2032152205.5,N/A,4174146400,196723350,0,404080000,58.1114,5.738,4.7735,273.6673,
600460.SH,Ê¿À¼Î¢,2007-07-16,3.9132,3.9663,3.9663,3.8261,3.845,1814740,18617579,-0.0682,-1.7425,10.2591,0.9225,1996742002.5,N/A,4101412000,196723350,0,404080000,57.0988,5.638,4.6903,268.8987,
600460.SH,Ê¿À¼Î¢,2007-07-17,3.845,3.8261,4.0117,3.811,3.9511,3055058,31628138,0.1061,2.7586,10.3527,1.553,2051824540.5,N/A,4214554400,196723350,0,404080000,58.6739,5.7936,4.8197,276.3166,
600460.SH,Ê¿À¼Î¢,2007-07-18,3.9511,3.9701,4.0079,3.864,3.9473,3296855,34358439,-0.0038,-0.0959,10.4216,1.6759,2049857307,N/A,4210513600,196723350,0,404080000,58.6177,5.788,4.8151,276.0517,
600460.SH,Ê¿À¼Î¢,2007-07-19,3.9473,3.9625,3.9928,3.8829,3.9663,2327158,24244767,0.0189,0.4798,10.4182,1.183,2059693474.5,N/A,4230717600,196723350,0,404080000,58.899,5.8158,4.8382,277.3763,
600460.SH,Ê¿À¼Î¢,2007-07-20,3.9663,3.9625,4.114,3.9398,4.0913,6068761,65119420,0.125,3.1519,10.7303,3.0849,2124612180,N/A,4364064000,196723350,0,404080000,60.7554,5.9991,4.9907,286.1188,
600460.SH,Ê¿À¼Î¢,2007-07-23,4.0913,4.0875,4.2807,4.0534,4.258,8094486,89440687,0.1667,4.0741,11.0496,4.1147,2211170454,N/A,4541859200,196723350,0,404080000,63.2306,6.2435,5.194,297.7755,
600460.SH,Ê¿À¼Î¢,2007-07-24,4.258,4.2655,4.3451,4.1708,4.1936,8115805,91626188,-0.0644,-1.5125,11.2898,4.1255,2177727484.5,N/A,4473165600,196723350,0,404080000,62.2743,6.1491,5.1155,293.2718,
600460.SH,Ê¿À¼Î¢,2007-07-25,4.1936,4.186,4.2996,4.167,4.2807,4719451,52850486,0.0871,2.0777,11.1984,2.399,2222973855,N/A,4566104000,196723350,0,404080000,63.5681,6.2768,5.2218,299.365,
600460.SH,Ê¿À¼Î¢,2007-07-26,4.2807,4.3413,4.3868,4.2655,4.3375,5703412,65126238,0.0568,1.3274,11.4188,2.8992,2252482357.5,N/A,4626716000,196723350,0,404080000,64.4119,6.3601,5.2911,303.3389,
600460.SH,Ê¿À¼Î¢,2007-07-27,4.3375,4.3337,4.3905,4.2466,4.3754,5613765,64137184,0.0379,0.8734,11.425,2.8536,2272154692.5,N/A,4667124000,196723350,0,404080000,64.9745,6.4157,5.3373,305.9882,
600460.SH,Ê¿À¼Î¢,2007-07-30,4.3754,4.3792,4.5648,4.3792,4.5042,8379785,99067695,0.1288,2.9437,11.8222,4.2597,2339040631.5,N/A,4804511200,196723350,0,404080000,66.8872,6.6045,5.4944,314.9956,
600460.SH,Ê¿À¼Î¢,2007-07-31,4.5042,4.489,4.5269,4.3716,4.4777,5903092,69268792,-0.0265,-0.5887,11.7343,3.0007,2325269997,N/A,4776225600,196723350,0,404080000,66.4934,6.5657,5.4621,313.1411,
600460.SH,Ê¿À¼Î¢,2007-08-01,4.4777,4.4853,4.5913,4.1557,4.1746,7993003,92759445,-0.3031,-6.7682,11.6051,4.0631,2167891317,N/A,4452961600,196723350,0,404080000,61.993,6.1213,5.0924,291.9471,
600460.SH,Ê¿À¼Î¢,2007-08-02,4.1746,4.1898,4.3375,4.1292,4.2617,5584604,62483894,0.0871,2.0871,11.1886,2.8388,2213137687.5,N/A,4545900000,196723350,0,404080000,63.2868,6.249,5.1987,298.0404,
600460.SH,Ê¿À¼Î¢,2007-08-03,4.2617,4.2845,4.3186,4.2049,4.2769,5537992,62134297,0.0152,0.3556,11.2196,2.8151,2221006621.5,N/A,4562063200,196723350,0,404080000,63.5119,6.2713,5.2171,299.1001,
600460.SH,Ê¿À¼Î¢,2007-08-06,4.2769,4.2807,4.4701,4.2617,4.4209,6545259,74893775,0.144,3.3658,11.4424,3.3271,2295761494.5,N/A,4715613600,196723350,0,404080000,65.6496,6.4823,5.3927,309.1673,
600460.SH,Ê¿À¼Î¢,2007-08-07,4.4209,4.4209,4.4512,4.3375,4.3413,5375623,61999204,-0.0796,-1.7995,11.5334,2.7326,2254449591,N/A,4630756800,196723350,0,404080000,64.4682,6.3657,5.2957,303.6038,
600460.SH,Ê¿À¼Î¢,2007-08-08,4.3413,4.3413,4.3413,4.1708,4.2314,5298756,59174888,-0.1099,-2.5305,11.1677,2.6935,2197399819.5,N/A,4513573600,196723350,0,404080000,62.8368,6.2046,5.1617,295.921,
600460.SH,Ê¿À¼Î¢,2007-08-09,4.2314,4.2352,4.3451,4.2277,4.2617,4272085,48158071,0.0303,0.7162,11.2727,2.1716,2213137687.5,N/A,4545900000,196723350,0,404080000,63.2868,6.249,5.1987,298.0404,
600460.SH,Ê¿À¼Î¢,2007-08-10,4.2617,4.2504,4.2617,4.061,4.1216,5645860,61863185,-0.1402,-3.2889,10.9573,2.8699,2140350048,N/A,4396390400,196723350,0,404080000,61.2054,6.0435,5.0277,288.2382,
600460.SH,Ê¿À¼Î¢,2007-08-13,4.1216,4.1216,4.2807,4.0496,4.2807,6112552,67437403,0.1591,3.8603,11.0326,3.1072,2222973855,N/A,4566104000,196723350,0,404080000,63.5681,6.2768,5.2218,299.365,
600460.SH,Ê¿À¼Î¢,2007-08-14,4.2807,4.2921,4.4057,4.2807,4.3489,6264458,71814618,0.0682,1.5929,11.4638,3.1844,2258384058,N/A,4638838400,196723350,0,404080000,64.5807,6.3768,5.3049,304.1337,
600460.SH,Ê¿À¼Î¢,2007-08-15,4.3489,4.3943,4.4133,4.1746,4.2731,4314994,48803207,-0.0758,-1.7422,11.3101,2.1934,2219039388,N/A,4558022400,196723350,0,404080000,63.4556,6.2657,5.2125,298.8352,
600460.SH,Ê¿À¼Î¢,2007-08-16,4.2731,4.2769,4.7012,4.2769,4.7012,17659445,209504148,0.4281,10.0177,11.8636,8.9768,2441336773.5,N/A,5014632800,196723350,0,404080000,69.8124,6.8934,5.7347,328.7717,
600460.SH,Ê¿À¼Î¢,2007-08-17,4.7012,4.6974,4.6974,4.5459,4.5534,13125069,159825920,-0.1477,-3.1426,12.1771,6.6718,2364614667,N/A,4857041600,196723350,0,404080000,67.6185,6.6768,5.5545,318.4396,
600460.SH,Ê¿À¼Î¢,2007-08-20,4.5534,4.6595,4.955,4.6216,4.811,14383853,182893802,0.2576,5.6572,12.7152,7.3117,2498386545,N/A,5131816000,196723350,0,404080000,71.4438,7.0545,5.8687,336.4545,
600460.SH,Ê¿À¼Î¢,2007-08-21,4.811,4.8262,4.902,4.7466,4.8451,8151107,103657038,0.0341,0.7087,12.7169,4.1434,2516091646.5,N/A,5168183200,196723350,0,404080000,71.9501,7.1045,5.9103,338.8388,
600460.SH,Ê¿À¼Î¢,2007-08-22,4.8451,4.7542,4.83,4.6974,4.7845,8287999,104276006,-0.0606,-1.251,12.5816,4.213,2484615910.5,N/A,5103530400,196723350,0,404080000,71.05,7.0156,5.8364,334.6,
600460.SH,Ê¿À¼Î¢,2007-08-23,4.7845,4.811,4.8982,4.6898,4.83,7691844,97326798,0.0455,0.9501,12.6532,3.91,2508222712.5,N/A,5152020000,196723350,0,404080000,71.7251,7.0823,5.8918,337.7791,
600460.SH,Ê¿À¼Î¢,2007-08-24,4.83,4.758,4.758,4.6141,4.6368,14546184,178927717,-0.1932,-4,12.3007,7.3942,2407893804,N/A,4945939200,196723350,0,404080000,68.8561,6.799,5.6561,324.268,
600460.SH,Ê¿À¼Î¢,2007-08-27,4.6368,4.6216,4.6936,4.4512,4.5383,11513919,137528527,-0.0985,-2.1242,11.9445,5.8528,2356745733,N/A,4840878400,196723350,0,404080000,67.3935,6.6545,5.536,317.3799,
600460.SH,Ê¿À¼Î¢,2007-08-28,4.5383,4.508,4.5989,4.3943,4.5421,6635229,78367266,0.0038,0.0835,11.8108,3.3729,2358712966.5,N/A,4844919200,196723350,0,404080000,67.4497,6.6601,5.5406,317.6448,
600460.SH,Ê¿À¼Î¢,2007-08-29,4.5421,4.5307,4.5307,4.3792,4.4322,5554684,65148305,-0.1099,-2.4187,11.7285,2.8236,2301663195,N/A,4727736000,196723350,0,404080000,65.8183,6.499,5.4066,309.962,
600460.SH,Ê¿À¼Î¢,2007-08-30,4.4322,4.4625,4.6216,4.4398,4.5762,6767368,81378869,0.144,3.2479,12.0252,3.44,2376418068,N/A,4881286400,196723350,0,404080000,67.956,6.7101,5.5822,320.0292,
600460.SH,Ê¿À¼Î¢,2007-08-31,4.5762,4.6216,4.6785,4.5534,4.5762,6034390,73454071,0,0,12.1726,3.0674,2376418068,N/A,4881286400,196723350,0,404080000,67.956,6.7101,5.5822,320.0292,
600460.SH,Ê¿À¼Î¢,2007-09-03,4.5762,4.6292,4.7201,4.5951,4.6936,8858827,109059999,0.1174,2.5662,12.3109,4.5032,2437402306.5,N/A,5006551200,196723350,0,404080000,69.6999,6.8823,5.7255,328.2419,
600460.SH,Ê¿À¼Î¢,2007-09-04,4.6936,4.6936,4.7315,4.5837,4.6481,7225834,88811323,-0.0455,-0.9685,12.2908,3.6731,2413795504.5,N/A,4958061600,196723350,0,404080000,69.0249,6.8156,5.67,325.0627,
600460.SH,Ê¿À¼Î¢,2007-09-05,4.6481,4.6595,4.6822,4.508,4.5875,5939527,72083657,-0.0606,-1.304,12.1363,3.0192,2382319768.5,N/A,4893408800,196723350,0,404080000,68.1248,6.7268,5.5961,320.8239,
600460.SH,Ê¿À¼Î¢,2007-09-06,4.5875,4.6444,4.6974,4.5913,4.6519,6063754,74359433,0.0644,1.4038,12.2629,3.0824,2415762738,N/A,4962102400,196723350,0,404080000,69.0811,6.8212,5.6746,325.3277,
600460.SH,Ê¿À¼Î¢,2007-09-07,4.6519,4.6368,4.6368,4.4512,4.4587,6765791,80444720,-0.1932,-4.1531,11.8899,3.4392,2315433829.5,N/A,4756021600,196723350,0,404080000,66.2121,6.5379,5.439,311.8165,
600460.SH,Ê¿À¼Î¢,2007-09-10,4.4587,4.3943,4.5307,4.3375,4.4928,4546801,52996564,0.0341,0.7647,11.6558,2.3113,2333138931,N/A,4792388800,196723350,0,404080000,66.7184,6.5879,5.4805,314.2008,
600460.SH,Ê¿À¼Î¢,2007-09-11,4.4928,4.4928,4.6254,4.167,4.2921,6443399,76677109,-0.2008,-4.4688,11.9001,3.2754,2228875555.5,N/A,4578226400,196723350,0,404080000,63.7369,6.2935,5.2356,300.1598,
600460.SH,Ê¿À¼Î¢,2007-09-12,4.2921,4.2504,4.3868,4.1292,4.2693,4777439,53343892,-0.0227,-0.5296,11.1658,2.4285,2217072154.5,N/A,4553981600,196723350,0,404080000,63.3994,6.2602,5.2079,298.5703,
600460.SH,Ê¿À¼Î¢,2007-09-13,4.2693,4.2845,4.3489,4.2201,4.3451,3650113,41352493,0.0758,1.7746,11.3291,1.8555,2256416824.5,N/A,4634797600,196723350,0,404080000,64.5245,6.3713,5.3003,303.8687,
600460.SH,Ê¿À¼Î¢,2007-09-14,4.3451,4.3375,4.3527,4.2049,4.3261,4236688,47879997,-0.0189,-0.4359,11.3013,2.1536,2246580657,N/A,4614593600,196723350,0,404080000,64.2432,6.3435,5.2772,302.5441,
600460.SH,Ê¿À¼Î¢,2007-09-17,4.3261,4.3337,4.6065,4.3261,4.5648,9282937,110285672,0.2387,5.5166,11.8805,4.7188,2370516367.5,N/A,4869164000,196723350,0,404080000,67.7872,6.6934,5.5683,319.2344,
600460.SH,Ê¿À¼Î¢,2007-09-18,4.5648,4.6406,4.6519,4.508,4.561,9149065,110773752,-0.0038,-0.083,12.1077,4.6507,2368549134,N/A,4865123200,196723350,0,404080000,67.731,6.6879,5.5637,318.9695,
600460.SH,Ê¿À¼Î¢,2007-09-19,4.561,4.6368,4.7997,4.5648,4.6747,11885520,147052275,0.1136,2.4917,12.3724,6.0417,2427566139,N/A,4986347200,196723350,0,404080000,69.4186,6.8545,5.7024,326.9172,
600460.SH,Ê¿À¼Î¢,2007-09-20,4.6747,4.7201,4.7391,4.5648,4.633,5910705,72479485,-0.0417,-0.8914,12.2624,3.0046,2405926570.5,N/A,4941898400,196723350,0,404080000,68.7998,6.7934,5.6515,324.0031,
600460.SH,Ê¿À¼Î¢,2007-09-21,4.633,4.6974,4.7959,4.5648,4.7429,9396880,116112114,0.1099,2.3712,12.3565,4.7767,2462976342,N/A,5059081600,196723350,0,404080000,70.4312,6.9545,5.7855,331.6859,
600460.SH,Ê¿À¼Î¢,2007-09-24,4.7429,4.7429,4.8565,4.6178,4.811,11117938,140426031,0.0682,1.4377,12.6306,5.6516,2498386545,N/A,5131816000,196723350,0,404080000,71.4438,7.0545,5.8687,336.4545,
600460.SH,Ê¿À¼Î¢,2007-09-25,4.811,4.8186,4.8376,4.5913,4.6481,6954074,86558809,-0.1629,-3.3858,12.4472,3.535,2413795504.5,N/A,4958061600,196723350,0,404080000,69.0249,6.8156,5.67,325.0627,
600460.SH,Ê¿À¼Î¢,2007-09-26,4.6481,4.6557,4.7163,4.4095,4.4663,4713194,56404880,-0.1818,-3.912,11.9674,2.3958,2319368296.5,N/A,4764103200,196723350,0,404080000,66.3246,6.549,5.4482,312.3463,
600460.SH,Ê¿À¼Î¢,2007-09-27,4.4663,4.5307,4.5345,4.4209,4.4928,2633537,31227960,0.0265,0.5937,11.8578,1.3387,2333138931,N/A,4792388800,196723350,0,404080000,66.7184,6.5879,5.4805,314.2008,
600460.SH,Ê¿À¼Î¢,2007-09-28,4.4928,4.5459,4.6557,4.508,4.5762,3737996,45374537,0.0833,1.855,12.1387,1.9001,2376418068,N/A,4881286400,196723350,0,404080000,67.956,6.7101,5.5822,320.0292,
600460.SH,Ê¿À¼Î¢,2007-10-08,4.5762,4.6027,4.6595,4.5042,4.5724,4092101,49365529,-0.0038,-0.0828,12.0636,2.0801,2374450834.5,N/A,4877245600,196723350,0,404080000,67.8998,6.7045,5.5776,319.7643,
600460.SH,Ê¿À¼Î¢,2007-10-09,4.5724,4.5534,4.6898,4.5156,4.633,4222682,51694312,0.0606,1.3256,12.2421,2.1465,2405926570.5,N/A,4941898400,196723350,0,404080000,68.7998,6.7934,5.6515,324.0031,
600460.SH,Ê¿À¼Î¢,2007-10-10,4.633,4.6595,4.6936,4.5648,4.5724,4432950,53946607,-0.0606,-1.3083,12.1695,2.2534,2374450834.5,N/A,4877245600,196723350,0,404080000,67.8998,6.7045,5.5776,319.7643,
600460.SH,Ê¿À¼Î¢,2007-10-11,4.5724,4.5497,4.5497,4.3565,4.3716,4518346,52972606,-0.2008,-4.3911,11.7239,2.2968,2270187459,N/A,4663083200,196723350,0,404080000,64.9182,6.4101,5.3327,305.7232,
600460.SH,Ê¿À¼Î¢,2007-10-12,4.3716,4.3565,4.3716,3.9814,4.2125,5865971,64617268,-0.1591,-3.6395,11.0156,2.9818,2187563652,N/A,4493369600,196723350,0,404080000,62.5555,6.1768,5.1386,294.5964,
600460.SH,Ê¿À¼Î¢,2007-10-15,4.2125,4.186,4.3186,4.0193,4.2655,3773587,41756810,0.053,1.259,11.0655,1.9182,2215104921,N/A,4549940800,196723350,0,404080000,63.3431,6.2546,5.2033,298.3053,
600460.SH,Ê¿À¼Î¢,2007-10-16,4.2655,4.2617,4.2996,4.1329,4.2617,2419120,26868891,-0.0038,-0.0888,11.1069,1.2297,2213137687.5,N/A,4545900000,196723350,0,404080000,63.2868,6.249,5.1987,298.0404,
600460.SH,Ê¿À¼Î¢,2007-10-17,4.2617,4.2277,4.3224,4.1708,4.2239,2130660,23824231,-0.0379,-0.8889,11.1816,1.0831,2193465352.5,N/A,4505492000,196723350,0,404080000,62.7243,6.1935,5.1525,295.3912,
600460.SH,Ê¿À¼Î¢,2007-10-18,4.2239,4.2201,4.2731,4.167,4.2125,2065495,23013317,-0.0114,-0.2691,11.1418,1.0499,2187563652,N/A,4493369600,196723350,0,404080000,62.5555,6.1768,5.1386,294.5964,
600460.SH,Ê¿À¼Î¢,2007-10-19,4.2125,4.2049,4.2996,4.1367,4.1746,1993475,22329014,-0.0379,-0.8993,11.2011,1.0133,2167891317,N/A,4452961600,196723350,0,404080000,61.993,6.1213,5.0924,291.9471,
600460.SH,Ê¿À¼Î¢,2007-10-22,4.1746,4.1633,4.1633,3.9852,3.989,2403103,25743599,-0.1856,-4.4465,10.7126,1.2216,2071496875.5,N/A,4254962400,196723350,0,404080000,59.2365,5.8491,4.8659,278.9658,
600460.SH,Ê¿À¼Î¢,2007-10-23,3.989,3.9814,4.0951,3.8943,4.0345,1885822,19823398,0.0455,1.1396,10.5118,0.9586,2095103677.5,N/A,4303452000,196723350,0,404080000,59.9115,5.9158,4.9214,282.1449,
600460.SH,Ê¿À¼Î¢,2007-10-24,4.0345,4.0155,4.0496,3.864,3.8678,2342587,24301833,-0.1667,-4.1315,10.3739,1.1908,2008545403.5,N/A,4125656800,196723350,0,404080000,57.4363,5.6714,4.7181,270.4882,
600460.SH,Ê¿À¼Î¢,2007-10-25,3.8678,3.9019,3.9019,3.4814,3.4852,3864970,37006691,-0.3826,-9.8923,9.5749,1.9647,1809854820,N/A,3717536000,196723350,0,404080000,51.7546,5.1103,4.2513,243.7308,
600460.SH,Ê¿À¼Î¢,2007-10-26,3.4852,3.523,3.5988,3.4359,3.523,2406689,22447288,0.0379,1.087,9.327,1.2234,1829527155,N/A,3757944000,196723350,0,404080000,52.3171,5.1659,4.2976,246.3801,
600460.SH,Ê¿À¼Î¢,2007-10-29,3.523,3.5647,3.6026,3.4208,3.5193,1758142,16195452,-0.0038,-0.1075,9.2117,0.8937,1827559921.5,N/A,3753903200,196723350,0,404080000,52.2609,5.1603,4.2929,246.1151,
600460.SH,Ê¿À¼Î¢,2007-10-30,3.5193,3.523,3.595,3.4852,3.5723,2130620,19864268,0.053,1.507,9.3232,1.0831,1855101190.5,N/A,3810474400,196723350,0,404080000,53.0484,5.2381,4.3576,249.8241,
600460.SH,Ê¿À¼Î¢,2007-10-31,3.5723,3.5988,3.7125,3.5609,3.6973,2475413,23849736,0.125,3.4995,9.6346,1.2583,1920019896,N/A,3943820800,196723350,0,404080000,54.9049,5.4214,4.5101,258.5666,
600460.SH,Ê¿À¼Î¢,2007-11-01,3.6973,3.6897,3.7125,3.523,3.5268,2047487,19475342,-0.1705,-4.6107,9.5118,1.0408,1831494388.5,N/A,3761984800,196723350,0,404080000,52.3734,5.1714,4.3022,246.645,
600460.SH,Ê¿À¼Î¢,2007-11-02,3.5268,3.4776,3.5799,3.4359,3.5041,1795137,16524670,-0.0227,-0.6445,9.2052,0.8275,2006577987.5,N/A,3737740000,216927350,0,404080000,52.0359,5.1381,4.2745,245.0555,
600460.SH,Ê¿À¼Î¢,2007-11-05,3.5041,3.5609,3.8564,3.5609,3.8564,6575434,66551874,0.3523,10.0541,10.1213,3.0312,2208320423,N/A,4113534400,216927350,0,404080000,57.2676,5.6547,4.7042,269.6935,
600460.SH,Ê¿À¼Î¢,2007-11-06,3.8564,3.8261,3.9701,3.7579,3.8867,6186482,63614283,0.0303,0.7859,10.2828,2.8519,2225674611,N/A,4145860800,216927350,0,404080000,57.7176,5.6991,4.7412,271.8129,
600460.SH,Ê¿À¼Î¢,2007-11-07,3.8867,3.9246,3.9549,3.7049,3.792,3049261,30721743,-0.0947,-2.4366,10.0751,1.4057,2171442773.5,N/A,4044840800,216927350,0,404080000,56.3112,5.5603,4.6257,265.1897,
600460.SH,Ê¿À¼Î¢,2007-11-08,3.792,3.7693,3.8943,3.7238,3.7655,2530475,25470910,-0.0265,-0.6993,10.0657,1.1665,2156257859,N/A,4016555200,216927350,0,404080000,55.9174,5.5214,4.5933,263.3353,
600460.SH,Ê¿À¼Î¢,2007-11-09,3.7655,3.7693,3.8147,3.5534,3.6405,2269112,21905148,-0.125,-3.3199,9.6536,1.046,2084671833.5,N/A,3883208800,216927350,0,404080000,54.061,5.3381,4.4408,254.5927,
600460.SH,Ê¿À¼Î¢,2007-11-12,3.6405,3.5799,3.8072,3.5458,3.7655,2723208,26905740,0.125,3.4339,9.8802,1.2554,2156257859,N/A,4016555200,216927350,0,404080000,55.9174,5.5214,4.5933,263.3353,
600460.SH,Ê¿À¼Î¢,2007-11-13,3.7655,3.7655,3.845,3.6935,3.7882,2086054,20730345,0.0227,0.6036,9.9376,0.9616,2169273500,N/A,4040800000,216927350,0,404080000,56.255,5.5547,4.621,264.9248,
600460.SH,Ê¿À¼Î¢,2007-11-14,3.7882,3.8223,3.9019,3.7882,3.864,2366024,24046380,0.0758,2,10.1632,1.0907,2212658970,N/A,4121616000,216927350,0,404080000,57.3801,5.6658,4.7135,270.2233,
600460.SH,Ê¿À¼Î¢,2007-11-15,3.864,3.8564,3.8564,3.7503,3.7844,1766297,17671652,-0.0796,-2.0588,10.0049,0.8142,2167104226.5,N/A,4036759200,216927350,0,404080000,56.1987,5.5492,4.6164,264.6599,
600460.SH,Ê¿À¼Î¢,2007-11-16,3.7844,3.7844,3.7882,3.6594,3.7769,1506401,14769629,-0.0076,-0.2002,9.8046,0.6944,2162765679.5,N/A,4028677600,216927350,0,404080000,56.0862,5.538,4.6072,264.13,
600460.SH,Ê¿À¼Î¢,2007-11-19,3.7769,3.7806,4.0913,3.7806,4.0648,4313851,44649215,0.2879,7.6229,10.3502,1.9886,2327630465.5,N/A,4335778400,216927350,0,404080000,60.3616,5.9602,4.9584,284.2643,
600460.SH,Ê¿À¼Î¢,2007-11-20,4.0648,4.0837,4.0837,3.9208,3.9776,3534440,37123467,-0.0871,-2.1435,10.5034,1.6293,2277737175,N/A,4242840000,216927350,0,404080000,59.0677,5.8324,4.8521,278.1711,
600460.SH,Ê¿À¼Î¢,2007-11-21,3.9776,3.9966,4.0307,3.8829,3.8981,2914347,30213198,-0.0796,-2,10.3671,1.3435,2232182431.5,N/A,4157983200,216927350,0,404080000,57.8864,5.7158,4.755,272.6076,
600460.SH,Ê¿À¼Î¢,2007-11-22,3.8981,3.8261,3.936,3.7503,3.7731,2171803,21904558,-0.125,-3.207,10.0859,1.0012,2160596406,N/A,4024636800,216927350,0,404080000,56.03,5.5325,4.6025,263.8651,
600460.SH,Ê¿À¼Î¢,2007-11-23,3.7731,3.7011,3.8261,3.6746,3.8034,1272864,12585565,0.0303,0.8032,9.8876,0.5868,2177950594,N/A,4056963200,216927350,0,404080000,56.48,5.5769,4.6395,265.9845,
600460.SH,Ê¿À¼Î¢,2007-11-26,3.8034,3.8337,3.864,3.7125,3.7162,1289709,12936207,-0.0871,-2.2908,10.0303,0.5945,2128057303.5,N/A,3964024800,216927350,0,404080000,55.1861,5.4492,4.5332,259.8912,
600460.SH,Ê¿À¼Î¢,2007-11-27,3.7162,3.7049,3.7503,3.6746,3.6973,1169200,11435674,-0.0189,-0.5097,9.7808,0.539,2117210936,N/A,3943820800,216927350,0,404080000,54.9049,5.4214,4.5101,258.5666,
600460.SH,Ê¿À¼Î¢,2007-11-28,3.6973,3.6973,3.7844,3.6746,3.6897,1040115,10241577,-0.0076,-0.2049,9.8466,0.4795,2112872389,N/A,3935739200,216927350,0,404080000,54.7923,5.4103,4.5009,258.0368,
600460.SH,Ê¿À¼Î¢,2007-11-29,3.6897,3.7125,3.7806,3.6746,3.7806,1326971,13119065,0.0909,2.4641,9.8865,0.6117,2164934953,N/A,4032718400,216927350,0,404080000,56.1425,5.5436,4.6118,264.395,
600460.SH,Ê¿À¼Î¢,2007-11-30,3.7806,3.7693,3.7693,3.6367,3.6518,1423593,13864300,-0.1288,-3.4068,9.7389,0.6563,2091179654,N/A,3895331200,216927350,0,404080000,54.2298,5.3547,4.4547,255.3875,
600460.SH,Ê¿À¼Î¢,2007-12-03,3.6518,3.6746,3.7579,3.6291,3.7087,1070930,10443275,0.0568,1.556,9.7516,0.4937,2123718756.5,N/A,3955943200,216927350,0,404080000,55.0736,5.4381,4.524,259.3614,
600460.SH,Ê¿À¼Î¢,2007-12-04,3.7087,3.72,3.7428,3.6784,3.6897,921600,9022692,-0.0189,-0.5107,9.7902,0.4248,2112872389,N/A,3935739200,216927350,0,404080000,54.7923,5.4103,4.5009,258.0368,
600460.SH,Ê¿À¼Î¢,2007-12-05,3.6897,3.6973,3.7693,3.6708,3.7655,1479082,14546053,0.0758,2.0534,9.8345,0.6818,2156257859,N/A,4016555200,216927350,0,404080000,55.9174,5.5214,4.5933,263.3353,
600460.SH,Ê¿À¼Î¢,2007-12-06,3.7655,3.7693,3.8223,3.7125,3.8185,1640048,16273324,0.053,1.4085,9.9225,0.756,2186627688,N/A,4073126400,216927350,0,404080000,56.705,5.5991,4.658,267.0442,
600460.SH,Ê¿À¼Î¢,2007-12-07,3.8185,3.8185,3.845,3.7693,3.8337,1708055,17171149,0.0152,0.3968,10.053,0.7874,2195304782,N/A,4089289600,216927350,0,404080000,56.93,5.6214,4.6765,268.1039,
600460.SH,Ê¿À¼Î¢,2007-12-10,3.8337,3.7769,3.9776,3.7238,3.9208,4390597,45099343,0.0871,2.2727,10.2718,2.024,2245198072.5,N/A,4182228000,216927350,0,404080000,58.2239,5.7491,4.7828,274.1972,
600460.SH,Ê¿À¼Î¢,2007-12-11,3.9208,3.9776,4.2769,3.9246,4.2239,14379432,157872943,0.3031,7.7295,10.9791,6.6287,2418739952.5,N/A,4505492000,216927350,0,404080000,62.7243,6.1935,5.1525,295.3912,
600460.SH,Ê¿À¼Î¢,2007-12-12,4.2239,4.0913,4.1898,4.0534,4.0951,5380246,58346339,-0.1288,-3.0493,10.8445,2.4802,2344984653.5,N/A,4368104800,216927350,0,404080000,60.8116,6.0046,4.9953,286.3837,
600460.SH,Ê¿À¼Î¢,2007-12-13,4.0951,4.0951,4.0951,4.0951,4.0951,N/A,N/A,0,0,N/A,N/A,2344984653.5,N/A,4368104800,216927350,0,404080000,60.8116,6.0046,4.9953,286.3837,
600460.SH,Ê¿À¼Î¢,2007-12-14,4.0951,3.9435,4.0875,3.864,4.0572,4373540,45780127,-0.0379,-0.9251,10.4675,2.0161,2323291918.5,N/A,4327696800,216927350,0,404080000,60.2491,5.9491,4.9491,283.7345,
600460.SH,Ê¿À¼Î¢,2007-12-17,4.0572,4.0648,4.1405,3.9814,4.0572,3507278,37907957,0,0,10.8084,1.6168,2323291918.5,N/A,4327696800,216927350,0,404080000,60.2491,5.9491,4.9491,283.7345,
600460.SH,Ê¿À¼Î¢,2007-12-18,4.0572,4.0345,4.0685,3.9398,3.9435,1718744,18123551,-0.1136,-2.8011,10.5446,0.7923,2258213713.5,N/A,4206472800,216927350,0,404080000,58.5614,5.7825,4.8105,275.7867,
600460.SH,Ê¿À¼Î¢,2007-12-19,3.9435,3.9473,4.0875,3.9473,4.0534,2278947,24332051,0.1099,2.7858,10.6769,1.0506,2321122645,N/A,4323656000,216927350,0,404080000,60.1928,5.9435,4.9445,283.4695,
600460.SH,Ê¿À¼Î¢,2007-12-20,4.0534,4.0534,4.1216,4.0458,4.0799,2116403,22764474,0.0265,0.6542,10.7562,0.9756,2336307559.5,N/A,4351941600,216927350,0,404080000,60.5866,5.9824,4.9769,285.324,
600460.SH,Ê¿À¼Î¢,2007-12-21,4.0799,4.061,4.1822,4.0534,4.167,3179711,34554614,0.0871,2.1356,10.8672,1.4658,2386200850,N/A,4444880000,216927350,0,404080000,61.8805,6.1102,5.0831,291.4173,
600460.SH,Ê¿À¼Î¢,2007-12-24,4.167,4.2352,4.2352,4.1519,4.2049,5498289,60850153,0.0379,0.9091,11.0671,2.5346,2407893585,N/A,4485288000,216927350,0,404080000,62.443,6.1657,5.1293,294.0665,
600460.SH,Ê¿À¼Î¢,2007-12-25,4.2049,4.2504,4.2655,4.186,4.2466,4632006,51703494,0.0417,0.991,11.1622,2.1353,2431755593.5,N/A,4529736800,216927350,0,404080000,63.0618,6.2268,5.1802,296.9807,
600460.SH,Ê¿À¼Î¢,2007-12-26,4.2466,4.2617,4.3754,4.167,4.3375,7440750,84299713,0.0909,2.1409,11.3295,3.4301,2483818157.5,N/A,4626716000,216927350,0,404080000,64.4119,6.3601,5.2911,303.3389,
600460.SH,Ê¿À¼Î¢,2007-12-27,4.3375,4.4019,4.6785,4.3602,4.4739,11568102,137120431,0.1364,3.1441,11.8533,5.3327,2561912003.5,N/A,4772184800,216927350,0,404080000,66.4371,6.5601,5.4574,312.8762,
600460.SH,Ê¿À¼Î¢,2007-12-28,4.4739,4.4663,4.5686,4.3905,4.4057,6151600,72334857,-0.0682,-1.5241,11.7587,2.8358,2522865080.5,N/A,4699450400,216927350,0,404080000,65.4245,6.4601,5.3743,308.1075,
600460.SH,Ê¿À¼Î¢,2008-01-02,4.4057,4.4171,4.6444,4.4171,4.5951,5869401,70646319,0.1894,4.2992,12.0364,2.7057,2631328755.5,N/A,4901490400,216927350,0,404080000,227.11,5.2154,5.0436,256.3427,
600460.SH,Ê¿À¼Î¢,2008-01-03,4.5951,4.6216,4.7163,4.5534,4.6103,6035150,73811316,0.0152,0.3298,12.2302,2.7821,2640005849.5,N/A,4917653600,216927350,0,404080000,227.859,5.2326,5.0603,257.188,
600460.SH,Ê¿À¼Î¢,2008-01-04,4.6103,4.6103,4.6141,4.4928,4.5421,5242696,62618446,-0.0682,-1.479,11.9439,2.4168,2600958926.5,N/A,4844919200,216927350,0,404080000,224.4888,5.1552,4.9854,253.3841,
600460.SH,Ê¿À¼Î¢,2008-01-07,4.5421,4.5421,4.6216,4.4815,4.5837,4871441,58673951,0.0417,0.9174,12.0445,2.2457,2624820935,N/A,4889368000,216927350,0,404080000,226.5483,5.2025,5.0312,255.7087,
600460.SH,Ê¿À¼Î¢,2008-01-08,4.5837,4.5837,4.6368,4.3413,4.3943,5516944,65460188,-0.1894,-4.1322,11.8653,2.5432,2516357260,N/A,4687328000,216927350,0,404080000,217.1868,4.9875,4.8233,245.1423,
600460.SH,Ê¿À¼Î¢,2008-01-09,4.3943,4.3943,4.4853,4.3565,4.4625,3340517,39085904,0.0682,1.5517,11.7006,1.5399,2555404183,N/A,4760062400,216927350,0,404080000,220.557,5.0649,4.8981,248.9462,
600460.SH,Ê¿À¼Î¢,2008-01-10,4.4625,4.4739,4.5421,4.4322,4.4815,3877259,45939996,0.0189,0.4244,11.8486,1.7874,2566250550.5,N/A,4780266400,216927350,0,404080000,221.4931,5.0864,4.9189,250.0028,
600460.SH,Ê¿À¼Î¢,2008-01-11,4.4815,4.2504,4.3565,4.1064,4.2163,13733452,152721552,-0.2652,-5.9172,11.1204,6.3309,2414401405.5,N/A,4497410400,216927350,0,404080000,208.387,4.7854,4.6278,235.2098,
600460.SH,Ê¿À¼Î¢,2008-01-14,4.2163,4.1936,4.2731,4.0989,4.2504,7961303,88126092,0.0341,0.8086,11.0693,3.67,2433924867,N/A,4533777600,216927350,0,404080000,210.0721,4.8241,4.6652,237.1117,
600460.SH,Ê¿À¼Î¢,2008-01-15,4.2504,4.2466,4.3186,4.2011,4.2921,5228989,59048247,0.0417,0.9804,11.2925,2.4105,2457786875.5,N/A,4578226400,216927350,0,404080000,212.1316,4.8714,4.711,239.4364,
600460.SH,Ê¿À¼Î¢,2008-01-16,4.2921,4.2921,4.3678,4.2277,4.2996,5803902,66070473,0.0076,0.1765,11.3838,2.6755,2462125422.5,N/A,4586308000,216927350,0,404080000,212.5061,4.88,4.7193,239.859,
600460.SH,Ê¿À¼Î¢,2008-01-17,4.2996,4.3034,4.3413,4.0193,4.1595,4682087,51759696,-0.1402,-3.2599,11.0548,2.1584,2381862303,N/A,4436798400,216927350,0,404080000,205.5786,4.721,4.5655,232.0398,
600460.SH,Ê¿À¼Î¢,2008-01-18,4.1595,4.167,4.3375,4.1292,4.3337,3886812,43793807,0.1743,4.1894,11.2673,1.7918,2481648884,N/A,4622675200,216927350,0,404080000,214.1912,4.9187,4.7567,241.761,
600460.SH,Ê¿À¼Î¢,2008-01-21,4.3337,4.3489,4.489,4.2049,4.258,5936488,68722186,-0.0758,-1.7483,11.5762,2.7366,2438263414,N/A,4541859200,216927350,0,404080000,210.4466,4.8327,4.6736,237.5344,
600460.SH,Ê¿À¼Î¢,2008-01-22,4.258,4.167,4.167,3.8337,3.8337,4076139,42182065,-0.4243,-9.9644,10.3485,1.879,2195304782,N/A,4089289600,216927350,0,404080000,189.4768,4.3512,4.2079,213.8655,
600460.SH,Ê¿À¼Î¢,2008-01-23,3.8337,3.7769,4.0155,3.7428,4.0117,3821688,39287843,0.178,4.6443,10.2802,1.7617,2297260636.5,N/A,4279207200,216927350,0,404080000,198.2766,4.5533,4.4033,223.798,
600460.SH,Ê¿À¼Î¢,2008-01-24,4.0117,4.0231,4.3527,4.0155,4.2428,8137512,90380219,0.2311,5.7602,11.1066,3.7513,2429586320,N/A,4525696000,216927350,0,404080000,209.6976,4.8155,4.6569,236.6891,
600460.SH,Ê¿À¼Î¢,2008-01-25,4.2428,4.2655,4.4815,4.2049,4.2277,7072613,80853871,-0.0152,-0.3571,11.432,3.2604,2420909226,N/A,4509532800,216927350,0,404080000,208.9487,4.7983,4.6403,235.8438,
600460.SH,Ê¿À¼Î¢,2008-01-28,4.2277,4.1292,4.3375,3.9398,4.2314,7147529,78805185,0.0038,0.0896,11.0255,3.2949,2423078499.5,N/A,4513573600,216927350,0,404080000,209.136,4.8026,4.6445,236.0551,
600460.SH,Ê¿À¼Î¢,2008-01-29,4.2314,4.2049,4.3905,4.2049,4.3716,7086065,80666585,0.1402,3.3124,11.3838,3.2666,2503341619,N/A,4663083200,216927350,0,404080000,216.0635,4.9617,4.7983,243.8743,
600460.SH,Ê¿À¼Î¢,2008-01-30,4.3716,4.436,4.4739,4.1898,4.2996,5563397,63638309,-0.072,-1.6464,11.4388,2.5646,2462125422.5,N/A,4586308000,216927350,0,404080000,212.5061,4.88,4.7193,239.859,
600460.SH,Ê¿À¼Î¢,2008-01-31,4.2996,4.2921,4.3716,3.9814,4.0155,3509001,38861753,-0.2841,-6.6079,11.0749,1.6176,2299429910,N/A,4283248000,216927350,0,404080000,198.4638,4.5576,4.4075,224.0093,
600460.SH,Ê¿À¼Î¢,2008-02-01,4.0155,4.0345,4.0837,3.614,3.7541,4243166,42388005,-0.2614,-6.5094,9.9897,1.956,2149750038.5,N/A,4004432800,216927350,0,404080000,185.545,4.2609,4.1206,209.4276,
600460.SH,Ê¿À¼Î¢,2008-02-04,3.7541,3.9019,4.0496,3.8261,4.0155,2989394,31144448,0.2614,6.9627,10.4183,1.3781,2299429910,N/A,4283248000,216927350,0,404080000,198.4638,4.5576,4.4075,224.0093,
600460.SH,Ê¿À¼Î¢,2008-02-05,4.0155,4.0155,4.0269,3.8754,3.9246,2289085,23780811,-0.0909,-2.2642,10.3888,1.0552,2247367346,N/A,4186268800,216927350,0,404080000,193.9703,4.4544,4.3077,218.9374,
600460.SH,Ê¿À¼Î¢,2008-02-13,3.9246,3.864,3.9738,3.8261,3.8488,2402968,24566366,-0.0758,-1.9305,10.2233,1.1077,2203981876,N/A,4105452800,216927350,0,404080000,190.2257,4.3684,4.2245,214.7108,
600460.SH,Ê¿À¼Î¢,2008-02-14,3.8488,3.9398,4.0382,3.864,3.9587,2140577,22441470,0.1099,2.8543,10.4838,0.9868,2266890807.5,N/A,4222636000,216927350,0,404080000,195.6554,4.4931,4.3451,220.8394,
600460.SH,Ê¿À¼Î¢,2008-02-15,3.9587,3.9208,3.9587,3.8299,3.9549,1778326,18214707,-0.0038,-0.0957,10.2426,0.8198,2264721534,N/A,4218595200,216927350,0,404080000,195.4682,4.4888,4.3409,220.628,
600460.SH,Ê¿À¼Î¢,2008-02-18,3.9549,3.9966,4.1443,3.9625,4.1405,4162657,44725607,0.1856,4.6935,10.7445,1.9189,2371015935.5,N/A,4416594400,216927350,0,404080000,204.6424,4.6995,4.5447,230.9832,
600460.SH,Ê¿À¼Î¢,2008-02-19,4.1405,4.167,4.2617,4.0875,4.2352,5291379,58577417,0.0947,2.2873,11.0703,2.4392,2425247773,N/A,4517614400,216927350,0,404080000,209.3232,4.8069,4.6486,236.2664,
600460.SH,Ê¿À¼Î¢,2008-02-20,4.2352,4.2617,4.2731,4.0913,4.0989,3347177,36804854,-0.1364,-3.22,10.9958,1.543,2347153927,N/A,4372145600,216927350,0,404080000,202.5829,4.6522,4.4989,228.6586,
600460.SH,Ê¿À¼Î¢,2008-02-21,4.0989,4.0913,4.2314,4.0458,4.1557,2982997,32814565,0.0568,1.3863,11.0005,1.3751,2379693029.5,N/A,4432757600,216927350,0,404080000,205.3914,4.7167,4.5613,231.8285,
600460.SH,Ê¿À¼Î¢,2008-02-22,4.1557,4.1405,4.1936,3.9057,3.9852,3066424,32691733,-0.1705,-4.1021,10.6612,1.4136,2282075722,N/A,4250921600,216927350,0,404080000,196.966,4.5232,4.3742,222.3187,
600460.SH,Ê¿À¼Î¢,2008-02-25,3.9852,3.9966,4.0723,3.917,3.9208,2220444,23334617,-0.0644,-1.616,10.509,1.0236,2245198072.5,N/A,4182228000,216927350,0,404080000,193.7831,4.4501,4.3035,218.7261,
600460.SH,Ê¿À¼Î¢,2008-02-26,3.9208,4.0193,4.1064,3.8564,4.0231,1811227,18907170,0.1023,2.6087,10.4389,0.8349,2303768457,N/A,4291329600,216927350,0,404080000,198.8383,4.5662,4.4158,224.432,
600460.SH,Ê¿À¼Î¢,2008-02-27,4.0231,4.0534,4.114,4.0079,4.0913,2280403,24531580,0.0682,1.6949,10.7576,1.0512,2342815380,N/A,4364064000,216927350,0,404080000,202.2084,4.6436,4.4906,228.2359,
600460.SH,Ê¿À¼Î¢,2008-02-28,4.0913,4.114,4.1292,4.0155,4.0648,1646976,17735592,-0.0265,-0.6481,10.7686,0.7592,2327630465.5,N/A,4335778400,216927350,0,404080000,200.8978,4.6135,4.4615,226.7566,
600460.SH,Ê¿À¼Î¢,2008-02-29,4.0648,4.0534,4.1595,4.0269,4.1254,1674036,18180773,0.0606,1.4911,10.8604,0.7717,2362338841.5,N/A,4400431200,216927350,0,404080000,203.8935,4.6823,4.528,230.1379,
600460.SH,Ê¿À¼Î¢,2008-03-03,4.1254,4.0913,4.4625,3.9776,4.4474,9357030,105765232,0.322,7.8053,11.3033,4.3134,2546727089,N/A,4743899200,216927350,0,404080000,219.8081,5.0477,4.8815,248.1009,
600460.SH,Ê¿À¼Î¢,2008-03-04,4.4474,4.4549,4.6216,4.4322,4.4625,17484506,209600241,0.0152,0.3407,11.9878,8.0601,2555404183,N/A,4760062400,216927350,0,404080000,220.557,5.0649,4.8981,248.9462,
600460.SH,Ê¿À¼Î¢,2008-03-05,4.4625,4.3943,4.489,4.2883,4.4587,5271828,61064571,-0.0038,-0.0849,11.5832,2.4302,2553234909.5,N/A,4756021600,216927350,0,404080000,220.3698,5.0606,4.8939,248.7349,
600460.SH,Ê¿À¼Î¢,2008-03-06,4.4587,4.4663,4.5951,4.3565,4.3754,4997022,58916553,-0.0833,-1.8692,11.7903,2.3035,2505510892.5,N/A,4667124000,216927350,0,404080000,216.2507,4.966,4.8025,244.0856,
600460.SH,Ê¿À¼Î¢,2008-03-07,4.3754,4.3754,4.4209,4.2617,4.2921,2912753,33267723,-0.0833,-1.9048,11.4214,1.3427,2457786875.5,N/A,4578226400,216927350,0,404080000,212.1316,4.8714,4.711,239.4364,
600460.SH,Ê¿À¼Î¢,2008-03-10,4.2921,4.2428,4.3943,4.2277,4.2428,3146158,35715897,-0.0492,-1.1474,11.3522,1.4503,2429586320,N/A,4525696000,216927350,0,404080000,209.6976,4.8155,4.6569,236.6891,
600460.SH,Ê¿À¼Î¢,2008-03-11,4.2428,4.2049,4.5459,4.1936,4.5231,6603122,77335209,0.2803,6.6071,11.7119,3.0439,2590112559,N/A,4824715200,216927350,0,404080000,223.5527,5.1337,4.9646,252.3275,
600460.SH,Ê¿À¼Î¢,2008-03-12,4.5231,4.6141,4.6141,4.3868,4.4246,4905975,58141734,-0.0985,-2.1776,11.8512,2.2616,2533711448,N/A,4719654400,216927350,0,404080000,218.6847,5.0219,4.8565,246.8329,
600460.SH,Ê¿À¼Î¢,2008-03-13,4.4246,4.3565,4.5762,4.2277,4.4019,6766783,79366682,-0.0227,-0.5137,11.7289,3.1194,2520695807,N/A,4695409600,216927350,0,404080000,217.5613,4.9961,4.8316,245.5649,
600460.SH,Ê¿À¼Î¢,2008-03-14,4.4019,4.3565,4.489,4.2504,4.4133,3632170,42065141,0.0114,0.2582,11.5813,1.6744,2527203627.5,N/A,4707532000,216927350,0,404080000,218.123,5.009,4.844,246.1989,
600460.SH,Ê¿À¼Î¢,2008-03-17,4.4133,4.3299,4.4322,3.9738,3.9738,5245245,56917519,-0.4394,-9.9571,10.8513,2.418,2275567901.5,N/A,4238799200,216927350,0,404080000,196.4043,4.5103,4.3617,221.6847,
600460.SH,Ê¿À¼Î¢,2008-03-18,3.9738,3.8337,3.8905,3.5761,3.5761,5118257,49526019,-0.3978,-10.0095,9.6763,2.3594,2047794184,N/A,3814515200,216927350,0,404080000,176.7452,4.0588,3.9251,199.4951,
600460.SH,Ê¿À¼Î¢,2008-03-19,3.5761,3.6253,3.7806,3.4852,3.6708,4203165,40525535,0.0947,2.6483,9.6417,1.9376,2102026021.5,N/A,3915535200,216927350,0,404080000,181.4259,4.1663,4.0291,204.7783,
600460.SH,Ê¿À¼Î¢,2008-03-20,3.6708,3.5912,3.792,3.3336,3.7125,4965976,47041723,0.0417,1.1352,9.4728,2.2892,2125888030,N/A,3959984000,216927350,0,404080000,183.4854,4.2136,4.0748,207.103,
600460.SH,Ê¿À¼Î¢,2008-03-21,3.7125,3.6708,3.9549,3.6064,3.8981,5975593,59875026,0.1856,5,10.0199,2.7547,2232182431.5,N/A,4157983200,216927350,0,404080000,192.6597,4.4243,4.2786,217.4581,
600460.SH,Ê¿À¼Î¢,2008-03-24,3.8981,3.864,3.8981,3.6594,3.6784,3106166,31238940,-0.2197,-5.6365,10.0571,1.4319,2106364568.5,N/A,3923616800,216927350,0,404080000,181.8004,4.1749,4.0374,205.201,
600460.SH,Ê¿À¼Î¢,2008-03-25,3.6784,3.6367,3.8829,3.5268,3.8375,3239684,31924578,0.1591,4.3254,9.8542,1.4934,2197474055.5,N/A,4093330400,216927350,0,404080000,189.664,4.3555,4.212,214.0768,
600460.SH,Ê¿À¼Î¢,2008-03-26,3.8375,3.8185,3.9701,3.7806,3.9473,3977351,40861333,0.1099,2.8628,10.2735,1.8335,2260382987,N/A,4210513600,216927350,0,404080000,195.0937,4.4802,4.3326,220.2054,
600460.SH,Ê¿À¼Î¢,2008-03-27,3.9473,3.864,3.9511,3.7314,3.7314,3141190,31726639,-0.2159,-5.4702,10.1002,1.448,2136734397.5,N/A,3980188000,216927350,0,404080000,184.4216,4.2351,4.0956,208.1596,
600460.SH,Ê¿À¼Î¢,2008-03-28,3.7314,3.7087,3.9094,3.6443,3.8413,3135058,31581857,0.1099,2.9442,10.0738,1.4452,2199643329,N/A,4097371200,216927350,0,404080000,189.8513,4.3598,4.2162,214.2881,
600460.SH,Ê¿À¼Î¢,2008-03-31,3.8413,3.792,3.9776,3.667,3.8867,3568319,36219191,0.0455,1.1834,10.1502,1.6449,2225674611,N/A,4145860800,216927350,0,404080000,192.098,4.4114,4.2661,216.8241,
600460.SH,Ê¿À¼Î¢,2008-04-01,3.8867,3.7882,3.8867,3.4965,3.4965,2926223,28009893,-0.3902,-10.039,9.572,1.3489,2002239440.5,N/A,3729658400,216927350,0,404080000,172.8133,3.9685,3.8378,195.0572,
600460.SH,Ê¿À¼Î¢,2008-04-02,3.4965,3.6367,3.6367,3.148,3.1632,3307104,29124559,-0.3334,-9.5341,8.8067,1.5245,1811343372.5,N/A,3374068000,216927350,0,404080000,156.3371,3.5902,3.4719,176.4602,
600460.SH,Ê¿À¼Î¢,2008-04-03,3.1632,3.1063,3.2503,2.9094,3.1404,2892891,23495296,-0.0227,-0.7186,8.1217,1.3336,1798327731.5,N/A,3349823200,216927350,0,404080000,155.2137,3.5644,3.447,175.1922,
600460.SH,Ê¿À¼Î¢,2008-04-07,3.1404,3.1101,3.2958,2.9889,3.273,3238323,27554763,0.1326,4.222,8.509,1.4928,1874252304,N/A,3491251200,216927350,0,404080000,161.7668,3.7148,3.5925,182.5887,
600460.SH,Ê¿À¼Î¢,2008-04-08,3.273,3.2465,3.3336,3.1935,3.2806,2837754,24563755,0.0076,0.2315,8.6561,1.3082,1878590851,N/A,3499332800,216927350,0,404080000,162.1412,3.7234,3.6008,183.0114,
600460.SH,Ê¿À¼Î¢,2008-04-09,3.2806,3.2579,3.4018,3.076,3.0836,2871917,24753909,-0.197,-6.0046,8.6193,1.3239,1765788629,N/A,3289211200,216927350,0,404080000,152.4053,3.4999,3.3846,172.0222,
600460.SH,Ê¿À¼Î¢,2008-04-10,3.0836,3.0685,3.1442,2.9548,3.1404,2218255,17916527,0.0568,1.8428,8.0769,1.0226,1798327731.5,N/A,3349823200,216927350,0,404080000,155.2137,3.5644,3.447,175.1922,
600460.SH,Ê¿À¼Î¢,2008-04-11,3.1404,3.1632,3.1821,3.1063,3.1518,1715349,14234267,0.0114,0.3619,8.2982,0.7907,1804835552,N/A,3361945600,216927350,0,404080000,155.7754,3.5773,3.4594,175.8262,
600460.SH,Ê¿À¼Î¢,2008-04-14,3.1518,3.0306,3.0874,2.8374,2.8412,2514697,19440295,-0.3106,-9.8558,7.7307,1.1592,1626955125,N/A,3030600000,216927350,0,404080000,140.4225,3.2247,3.1185,158.4971,
600460.SH,Ê¿À¼Î¢,2008-04-15,2.8412,2.7313,2.879,2.6896,2.8753,2628488,19268314,0.0341,1.2,7.3306,1.2117,1646478586.5,N/A,3066967200,216927350,0,404080000,142.1076,3.2634,3.1559,160.3991,
600460.SH,Ê¿À¼Î¢,2008-04-16,2.8753,2.8487,2.879,2.7237,2.826,2007798,14761177,-0.0492,-1.7128,7.3519,0.9256,1618278031,N/A,3014436800,216927350,0,404080000,139.6736,3.2075,3.1019,157.6518,
600460.SH,Ê¿À¼Î¢,2008-04-17,2.826,2.826,2.8715,2.7086,2.8298,2157768,15976609,0.0038,0.134,7.4042,0.9947,1620447304.5,N/A,3018477600,216927350,0,404080000,139.8608,3.2118,3.106,157.8632,
600460.SH,Ê¿À¼Î¢,2008-04-18,2.8298,2.8412,2.9434,2.7351,2.7502,4765670,35912243,-0.0796,-2.8112,7.5356,2.1969,1574892561,N/A,2933620800,216927350,0,404080000,135.929,3.1215,3.0187,153.4252,
600460.SH,Ê¿À¼Î¢,2008-04-21,2.7502,2.898,2.9624,2.5305,2.5381,3313851,24044898,-0.2121,-7.7135,7.2559,1.5276,1453413245,N/A,2707336000,216927350,0,404080000,125.4441,2.8807,2.7858,141.5908,
600460.SH,Ê¿À¼Î¢,2008-04-22,2.5381,2.5381,2.5381,2.5381,2.5381,N/A,N/A,0,0,N/A,N/A,1453413245,N/A,2707336000,216927350,0,404080000,125.4441,2.8807,2.7858,141.5908,
600460.SH,Ê¿À¼Î¢,2008-04-23,2.5381,2.5381,2.6631,2.4548,2.629,3014483,20370686,0.0909,3.5821,6.7576,1.3896,1505475809,N/A,2804315200,216927350,0,404080000,129.9376,2.9839,2.8856,146.6627,
600460.SH,Ê¿À¼Î¢,2008-04-24,2.629,2.879,2.8904,2.7465,2.8904,9251857,69342878,0.2614,9.9424,7.495,4.265,1655155680.5,N/A,3083130400,216927350,0,404080000,142.8565,3.2806,3.1725,161.2444,
600460.SH,Ê¿À¼Î¢,2008-04-25,2.8904,2.8336,2.9775,2.7843,2.8374,6226876,47115763,-0.053,-1.8349,7.5665,2.8705,1624785851.5,N/A,3026559200,216927350,0,404080000,140.2353,3.2204,3.1143,158.2858,
600460.SH,Ê¿À¼Î¢,2008-04-28,2.8374,2.7843,2.8866,2.7654,2.7995,2871665,21452065,-0.0379,-1.3351,7.4703,1.3238,1603093116.5,N/A,2986151200,216927350,0,404080000,138.363,3.1774,3.0727,156.1725,
600460.SH,Ê¿À¼Î¢,2008-04-29,2.7995,2.7843,2.9359,2.7654,2.8298,2676302,20237516,0.0303,1.0825,7.5617,1.2337,1620447304.5,N/A,3018477600,216927350,0,404080000,139.8608,3.2118,3.106,157.8632,
600460.SH,Ê¿À¼Î¢,2008-04-30,2.8298,2.8374,2.9548,2.8374,2.9548,3439219,26419084,0.125,4.4177,7.6817,1.5854,1692033330,N/A,3151824000,216927350,0,404080000,146.0394,3.3537,3.2432,164.837,
600460.SH,Ê¿À¼Î¢,2008-05-05,2.9548,2.9738,3.0647,2.9131,3.0382,4053711,32108670,0.0833,2.8205,7.9208,1.8687,1739757347,N/A,3240721600,216927350,0,404080000,150.1585,3.4483,3.3347,169.4863,
600460.SH,Ê¿À¼Î¢,2008-05-06,3.0382,3.0268,3.1745,2.9662,3.1139,5919799,48335609,0.0758,2.4938,8.1651,2.7289,1783142817,N/A,3321537600,216927350,0,404080000,153.9031,3.5343,3.4179,173.7129,
600460.SH,Ê¿À¼Î¢,2008-05-07,3.1139,3.1063,3.1139,2.9434,2.9472,5228972,41923343,-0.1667,-5.3528,8.0175,2.4105,1687694783,N/A,3143742400,216927350,0,404080000,145.665,3.3451,3.2349,164.4144,
600460.SH,Ê¿À¼Î¢,2008-05-08,2.9472,2.9359,3.0495,2.9094,3.0419,2961209,23478152,0.0947,3.2134,7.9286,1.3651,1741926620.5,N/A,3244762400,216927350,0,404080000,150.3457,3.4526,3.3389,169.6976,
600460.SH,Ê¿À¼Î¢,2008-05-09,3.0419,3.0609,3.1707,3.0003,3.0912,3949462,32283166,0.0492,1.6189,8.1741,1.8206,1770127176,N/A,3297292800,216927350,0,404080000,152.7797,3.5085,3.3929,172.4449,
600460.SH,Ê¿À¼Î¢,2008-05-12,3.0912,3.0495,3.2276,3.0116,3.1594,5075213,41964721,0.0682,2.2059,8.2686,2.3396,1809174099,N/A,3370027200,216927350,0,404080000,156.1499,3.5859,3.4678,176.2488,
600460.SH,Ê¿À¼Î¢,2008-05-13,3.1594,3.0609,3.1404,3.0041,3.0457,4089096,33090272,-0.1136,-3.5971,8.0923,1.885,1744095894,N/A,3248803200,216927350,0,404080000,150.533,3.4569,3.343,169.909,
600460.SH,Ê¿À¼Î¢,2008-05-14,3.0457,3.0533,3.2276,3.0457,3.22,5699853,47659442,0.1743,5.7214,8.3615,2.6275,1843882475,N/A,3434680000,216927350,0,404080000,159.1455,3.6547,3.5343,179.6301,
600460.SH,Ê¿À¼Î¢,2008-05-15,3.22,3.2162,3.292,3.1366,3.2692,6771677,57437794,0.0492,1.5294,8.4821,3.1216,1872083030.5,N/A,3487210400,216927350,0,404080000,161.5795,3.7105,3.5883,182.3774,
600460.SH,Ê¿À¼Î¢,2008-05-16,3.2692,3.3071,3.3223,3.0988,3.1404,6513546,54952117,-0.1288,-3.9397,8.4366,3.0026,1798327731.5,N/A,3349823200,216927350,0,404080000,155.2137,3.5644,3.447,175.1922,
600460.SH,Ê¿À¼Î¢,2008-05-19,3.1404,3.1063,3.1101,3.0003,3.0685,2838901,22842879,-0.072,-2.2919,8.0464,1.3087,1757111535,N/A,3273048000,216927350,0,404080000,151.6563,3.4827,3.368,171.1769,
600460.SH,Ê¿À¼Î¢,2008-05-20,3.0685,3.0609,3.0912,2.7654,2.7843,2974037,23155399,-0.2841,-9.2593,7.7858,1.371,1594416022.5,N/A,2969988000,216927350,0,404080000,137.6141,3.1602,3.0561,155.3272,
600460.SH,Ê¿À¼Î¢,2008-05-21,2.7843,2.7881,2.898,2.6821,2.8715,3057434,22424101,0.0871,3.1293,7.3343,1.4094,1644309313,N/A,3062926400,216927350,0,404080000,141.9204,3.2591,3.1517,160.1878,
600460.SH,Ê¿À¼Î¢,2008-05-22,2.8715,2.8715,3.0154,2.7995,2.9813,4022486,31121416,0.1099,3.8259,7.7369,1.8543,1707218244.5,N/A,3180109600,216927350,0,404080000,147.35,3.3838,3.2723,166.3163,
600460.SH,Ê¿À¼Î¢,2008-05-23,2.9813,2.9813,3.0382,2.8487,2.9207,5665500,44433729,-0.0606,-2.033,7.8429,2.6117,1672509868.5,N/A,3115456800,216927350,0,404080000,144.3544,3.315,3.2058,162.9351,
600460.SH,Ê¿À¼Î¢,2008-05-26,2.9207,2.9094,2.9245,2.7465,2.7502,3123433,23073089,-0.1705,-5.8366,7.3871,1.4399,1574892561,N/A,2933620800,216927350,0,404080000,135.929,3.1215,3.0187,153.4252,
600460.SH,Ê¿À¼Î¢,2008-05-27,2.7502,2.7502,2.7957,2.6972,2.7578,1524866,11015023,0.0076,0.2755,7.2236,0.7029,1579231108,N/A,2941702400,216927350,0,404080000,136.3035,3.1301,3.027,153.8479,
600460.SH,Ê¿À¼Î¢,2008-05-28,2.7578,2.7654,2.8487,2.7351,2.826,1656300,12255772,0.0682,2.4725,7.3995,0.7635,1618278031,N/A,3014436800,216927350,0,404080000,139.6736,3.2075,3.1019,157.6518,
600460.SH,Ê¿À¼Î¢,2008-05-29,2.826,2.8184,2.8753,2.773,2.8336,1843253,13789785,0.0076,0.2681,7.4812,0.8497,1622616578,N/A,3022518400,216927350,0,404080000,140.0481,3.2161,3.1102,158.0745,
600460.SH,Ê¿À¼Î¢,2008-05-30,2.8336,2.8033,2.8942,2.7806,2.8525,1581416,11870580,0.0189,0.6684,7.5063,0.729,1633462945.5,N/A,3042722400,216927350,0,404080000,140.9842,3.2376,3.131,159.1311,
600460.SH,Ê¿À¼Î¢,2008-06-02,2.8525,2.8412,2.8677,2.7502,2.8071,1664469,12355241,-0.0455,-1.5936,7.4229,0.7673,1607431663.5,N/A,2994232800,216927350,0,404080000,138.7375,3.186,3.0811,156.5952,
600460.SH,Ê¿À¼Î¢,2008-06-03,2.8071,2.8071,2.8639,2.7806,2.8412,1390016,10359682,0.0341,1.2146,7.4529,0.6408,1626955125,N/A,3030600000,216927350,0,404080000,140.4225,3.2247,3.1185,158.4971,
600460.SH,Ê¿À¼Î¢,2008-06-04,2.8412,2.8184,2.8412,2.7199,2.7502,1277016,9355089,-0.0909,-3.2,7.3257,0.5887,1574892561,N/A,2933620800,216927350,0,404080000,135.929,3.1215,3.0187,153.4252,
600460.SH,Ê¿À¼Î¢,2008-06-05,2.7502,2.7502,2.773,2.6896,2.7275,976789,7040857,-0.0227,-0.8264,7.2082,0.4503,1561876920,N/A,2909376000,216927350,0,404080000,134.8056,3.0957,2.9937,152.1573,
600460.SH,Ê¿À¼Î¢,2008-06-06,2.7275,2.7578,2.8071,2.701,2.7616,679187,4929305,0.0341,1.25,7.2577,0.3131,1581400381.5,N/A,2945743200,216927350,0,404080000,136.4907,3.1344,3.0312,154.0592,
600460.SH,Ê¿À¼Î¢,2008-06-10,2.7616,2.6518,2.6821,2.4851,2.4851,1601599,10726858,-0.2765,-10.0137,6.6976,0.7383,1423043416,N/A,2650764800,216927350,0,404080000,122.8229,2.8205,2.7276,138.6322,
600460.SH,Ê¿À¼Î¢,2008-06-11,2.4851,2.4889,2.4889,2.2767,2.3828,1348860,8471406,-0.1023,-4.1159,6.2804,0.6218,1364473031.5,N/A,2541663200,216927350,0,404080000,117.7677,2.7044,2.6154,132.9263,
600460.SH,Ê¿À¼Î¢,2008-06-12,2.3828,2.379,2.379,2.2578,2.3184,3433072,20832967,-0.0644,-2.7027,6.0683,1.5826,1327595382,N/A,2472969600,216927350,0,404080000,114.5848,2.6314,2.5447,129.3337,
600460.SH,Ê¿À¼Î¢,2008-06-13,2.3184,2.3184,2.3676,2.2616,2.3032,2178133,13233269,-0.0152,-0.6536,6.0755,1.0041,1318918288,N/A,2456806400,216927350,0,404080000,113.8359,2.6142,2.528,128.4884,
600460.SH,Ê¿À¼Î¢,2008-06-16,2.3032,2.2805,2.3411,2.1707,2.2805,1543317,9266397,-0.0227,-0.9868,6.0042,0.7114,1305902647,N/A,2432561600,216927350,0,404080000,112.7125,2.5884,2.5031,127.2204,
600460.SH,Ê¿À¼Î¢,2008-06-17,2.2805,2.2919,2.3298,2.1403,2.1972,1494391,8771297,-0.0833,-3.6545,5.8695,0.6889,1258178630,N/A,2343664000,216927350,0,404080000,108.5934,2.4938,2.4116,122.5711,
600460.SH,Ê¿À¼Î¢,2008-06-18,2.1972,2.1214,2.2957,2.0835,2.2729,3825542,22600154,0.0758,3.4483,5.9077,1.7635,1301564100,N/A,2424480000,216927350,0,404080000,112.338,2.5798,2.4948,126.7977,
600460.SH,Ê¿À¼Î¢,2008-06-19,2.2729,2.2654,2.2654,2.1214,2.1707,3804000,21661887,-0.1023,-4.5,5.6945,1.7536,1242993715.5,N/A,2315378400,216927350,0,404080000,107.2828,2.4637,2.3825,121.0918,
600460.SH,Ê¿À¼Î¢,2008-06-20,2.1707,2.1707,2.2616,2.0759,2.1403,5678910,32500070,-0.0303,-1.3962,5.7229,2.6179,1225639527.5,N/A,2283052000,216927350,0,404080000,105.785,2.4293,2.3493,119.4012,
600460.SH,Ê¿À¼Î¢,2008-06-23,2.1403,2.1176,2.1176,1.9888,2.0759,2469638,13266030,-0.0644,-3.0088,5.3716,1.1385,1188761878,N/A,2214358400,216927350,0,404080000,102.6021,2.3562,2.2786,115.8086,
600460.SH,Ê¿À¼Î¢,2008-06-24,2.0759,2.0419,2.1214,2.0002,2.1025,2903076,15860359,0.0265,1.2774,5.4633,1.3383,1203946792.5,N/A,2242644000,216927350,0,404080000,103.9127,2.3863,2.3077,117.2879,
600460.SH,Ê¿À¼Î¢,2008-06-25,2.1025,2.0532,2.1972,2.0532,2.1858,3452691,19690266,0.0833,3.964,5.7029,1.5916,1251670809.5,N/A,2331541600,216927350,0,404080000,108.0317,2.4809,2.3992,121.9371,
600460.SH,Ê¿À¼Î¢,2008-06-26,2.1858,2.1934,2.2843,2.1555,2.2085,3912765,22995625,0.0227,1.0399,5.8771,1.8037,1264686450.5,N/A,2355786400,216927350,0,404080000,109.1551,2.5067,2.4241,123.2051,
600460.SH,Ê¿À¼Î¢,2008-06-27,2.2085,2.1214,2.1403,1.9888,2.0494,4277507,23100560,-0.1591,-7.2041,5.4005,1.9719,1173576963.5,N/A,2186072800,216927350,0,404080000,101.2915,2.3261,2.2495,114.3293,
600460.SH,Ê¿À¼Î¢,2008-06-30,2.0494,2.0381,2.0646,1.9623,2.0153,1396511,7419472,-0.0341,-1.6636,5.3129,0.6438,1154053502,N/A,2149705600,216927350,0,404080000,99.6064,2.2874,2.212,112.4273,
600460.SH,Ê¿À¼Î¢,2008-07-01,2.0153,2.0381,2.0381,1.9358,1.9396,1033546,5366195,-0.0758,-3.7594,5.192,0.4764,1110668032,N/A,2068889600,216927350,0,404080000,95.8618,2.2014,2.1289,108.2007,
600460.SH,Ê¿À¼Î¢,2008-07-02,1.9396,1.932,2.0078,1.932,1.9775,1215419,6329967,0.0379,1.9531,5.2081,0.5603,1132360767,N/A,2109297600,216927350,0,404080000,97.7341,2.2444,2.1705,110.314,
600460.SH,Ê¿À¼Î¢,2008-07-03,1.9775,1.9434,2.0835,1.8941,2.0343,2934007,15704570,0.0568,2.8736,5.3526,1.3525,1164899869.5,N/A,2169909600,216927350,0,404080000,100.5425,2.3089,2.2328,113.484,
600460.SH,Ê¿À¼Î¢,2008-07-04,2.0343,2.0267,2.0684,2.0078,2.0494,1403944,7580947,0.0152,0.7449,5.3998,0.6472,1173576963.5,N/A,2186072800,216927350,0,404080000,101.2915,2.3261,2.2495,114.3293,
600460.SH,Ê¿À¼Î¢,2008-07-07,2.0494,2.0646,2.1593,2.0456,2.1403,3205804,17965276,0.0909,4.4362,5.604,1.4778,1225639527.5,N/A,2283052000,216927350,0,404080000,105.785,2.4293,2.3493,119.4012,
600460.SH,Ê¿À¼Î¢,2008-07-08,2.1403,2.129,2.2578,2.1214,2.2351,4240457,24629853,0.0947,4.4248,5.8083,1.9548,1279871365,N/A,2384072000,216927350,0,404080000,110.4657,2.5368,2.4532,124.6844,
600460.SH,Ê¿À¼Î¢,2008-07-09,2.2351,2.2464,2.2843,2.1972,2.2805,4753525,28169334,0.0455,2.0339,5.926,2.1913,1305902647,N/A,2432561600,216927350,0,404080000,112.7125,2.5884,2.5031,127.2204,
600460.SH,Ê¿À¼Î¢,2008-07-10,2.2805,2.2388,2.2729,2.1972,2.201,3813956,22515929,-0.0796,-3.4884,5.9036,1.7582,1260347903.5,N/A,2347704800,216927350,0,404080000,108.7807,2.4981,2.4158,122.7825,
600460.SH,Ê¿À¼Î¢,2008-07-11,2.201,2.2199,2.4055,2.1707,2.3298,8262050,50327333,0.1288,5.852,6.0914,3.8087,1334103202.5,N/A,2485092000,216927350,0,404080000,115.1465,2.6442,2.5572,129.9677,
600460.SH,Ê¿À¼Î¢,2008-07-14,2.3298,2.3298,2.3298,2.2351,2.2995,4425701,26564719,-0.0303,-1.3008,6.0024,2.0402,1316749014.5,N/A,2452765600,216927350,0,404080000,113.6486,2.6099,2.5239,128.277,
600460.SH,Ê¿À¼Î¢,2008-07-15,2.2995,2.2995,2.3373,2.1972,2.2199,3224181,19313729,-0.0796,-3.4596,5.9903,1.4863,1271194271,N/A,2367908800,216927350,0,404080000,109.7168,2.5196,2.4366,123.8391,
600460.SH,Ê¿À¼Î¢,2008-07-16,2.2199,2.1972,2.254,2.0646,2.1176,2689045,15299103,-0.1023,-4.6075,5.6894,1.2396,1212623886.5,N/A,2258807200,216927350,0,404080000,104.6616,2.4035,2.3243,118.1332,
600460.SH,Ê¿À¼Î¢,2008-07-17,2.1176,2.1479,2.1972,2.0646,2.1366,1678522,9472726,0.0189,0.8945,5.6435,0.7738,1223470254,N/A,2279011200,216927350,0,404080000,105.5977,2.425,2.3451,119.1899,
600460.SH,Ê¿À¼Î¢,2008-07-18,2.1366,2.1555,2.182,2.0115,2.1669,2532812,14127284,0.0303,1.4184,5.5777,1.1676,1240824442,N/A,2311337600,216927350,0,404080000,107.0956,2.4594,2.3784,120.8805,
600460.SH,Ê¿À¼Î¢,2008-07-21,2.1669,2.1593,2.2502,2.1366,2.2313,2462701,14334312,0.0644,2.972,5.8206,1.1353,1277702091.5,N/A,2380031200,216927350,0,404080000,110.2785,2.5325,2.449,124.4731,
600460.SH,Ê¿À¼Î¢,2008-07-22,2.2313,2.2275,2.2881,2.1972,2.2388,2125704,12606659,0.0076,0.3396,5.9306,0.9799,1282040638.5,N/A,2388112800,216927350,0,404080000,110.653,2.5411,2.4574,124.8958,
600460.SH,Ê¿À¼Î¢,2008-07-23,2.2388,2.2199,2.2654,2.1593,2.2123,3400355,19889705,-0.0265,-1.1844,5.8493,1.5675,1266855724,N/A,2359827200,216927350,0,404080000,109.3423,2.511,2.4283,123.4165,
600460.SH,Ê¿À¼Î¢,2008-07-24,2.2123,2.2123,2.432,2.2123,2.432,16198743,103143408,0.2197,9.9315,6.3674,7.4674,1392673587,N/A,2594193600,216927350,0,404080000,120.2017,2.7603,2.6694,135.6736,
600460.SH,Ê¿À¼Î¢,2008-07-25,2.432,2.3525,2.523,2.3411,2.4017,13870657,88589930,-0.0303,-1.2461,6.3869,6.3941,1375319399,N/A,2561867200,216927350,0,404080000,118.7038,2.7259,2.6362,133.9829,
600460.SH,Ê¿À¼Î¢,2008-07-28,2.4017,2.3979,2.4699,2.3563,2.4055,7243135,46063137,0.0038,0.1577,6.3596,3.339,1377488672.5,N/A,2565908000,216927350,0,404080000,118.8911,2.7302,2.6403,134.1943,
600460.SH,Ê¿À¼Î¢,2008-07-29,2.4055,2.3676,2.4889,2.3487,2.4623,7906354,50744117,0.0568,2.3622,6.4181,3.6447,1410027775,N/A,2626520000,216927350,0,404080000,121.6995,2.7947,2.7027,137.3642,
600460.SH,Ê¿À¼Î¢,2008-07-30,2.4623,2.4851,2.5305,2.3676,2.3942,5523050,35395146,-0.0682,-2.7692,6.4086,2.546,1370980852,N/A,2553785600,216927350,0,404080000,118.3294,2.7173,2.6278,133.5603,
600460.SH,Ê¿À¼Î¢,2008-07-31,2.3942,2.379,2.4169,2.2275,2.2351,3837178,23397265,-0.1591,-6.6456,6.0975,1.7689,1279871365,N/A,2384072000,216927350,0,404080000,110.4657,2.5368,2.4532,124.6844,
600460.SH,Ê¿À¼Î¢,2008-08-01,2.2351,2.1403,2.3108,2.1403,2.2616,2799681,16479921,0.0265,1.1864,5.8864,1.2906,1295056279.5,N/A,2412357600,216927350,0,404080000,111.7763,2.5669,2.4823,126.1637,
600460.SH,Ê¿À¼Î¢,2008-08-04,2.2616,2.254,2.254,2.1669,2.1744,1607472,9388446,-0.0871,-3.8526,5.8405,0.741,1245162989,N/A,2319419200,216927350,0,404080000,107.47,2.468,2.3867,121.3032,
600460.SH,Ê¿À¼Î¢,2008-08-05,2.1744,2.1782,2.2464,2.129,2.1403,1559178,8997198,-0.0341,-1.5679,5.7705,0.7188,1225639527.5,N/A,2283052000,216927350,0,404080000,105.785,2.4293,2.3493,119.4012,
600460.SH,Ê¿À¼Î¢,2008-08-06,2.1403,2.2047,2.2843,2.1252,2.2351,2983716,17509514,0.0947,4.4248,5.8684,1.3754,1279871365,N/A,2384072000,216927350,0,404080000,110.4657,2.5368,2.4532,124.6844,
600460.SH,Ê¿À¼Î¢,2008-08-07,2.2351,2.2161,2.254,2.1479,2.2161,1895467,10991077,-0.0189,-0.8475,5.7986,0.8738,1269024997.5,N/A,2363868000,216927350,0,404080000,109.5296,2.5153,2.4324,123.6278,
600460.SH,Ê¿À¼Î¢,2008-08-08,2.2161,2.2161,2.2502,1.9964,1.9964,3295629,18319576,-0.2197,-9.9145,5.5587,1.5192,1143207134.5,N/A,2129501600,216927350,0,404080000,98.6702,2.2659,2.1913,111.3707,
600460.SH,Ê¿À¼Î¢,2008-08-11,1.9964,2.0267,2.0343,1.7994,1.8297,3149579,15528419,-0.1667,-8.3491,4.9303,1.4519,1047759100.5,N/A,1951706400,216927350,0,404080000,90.4321,2.0767,2.0083,102.0722,
600460.SH,Ê¿À¼Î¢,2008-08-12,1.8297,1.8373,1.8373,1.7464,1.7805,1772250,8392861,-0.0492,-2.6915,4.7357,0.817,1019558545,N/A,1899176000,216927350,0,404080000,87.9981,2.0208,1.9542,99.3249,
600460.SH,Ê¿À¼Î¢,2008-08-13,1.7805,1.7426,1.7956,1.61,1.7805,3782899,16909412,0,0,4.47,1.7439,1019558545,N/A,1899176000,216927350,0,404080000,87.9981,2.0208,1.9542,99.3249,
600460.SH,Ê¿À¼Î¢,2008-08-14,1.7805,1.7388,1.8108,1.7085,1.7577,2286842,10562626,-0.0227,-1.2766,4.6189,1.0542,1006542904,N/A,1874931200,216927350,0,404080000,86.8747,1.995,1.9293,98.0569,
600460.SH,Ê¿À¼Î¢,2008-08-15,1.7577,1.7426,1.7691,1.6895,1.7274,1705770,7814087,-0.0303,-1.7241,4.581,0.7863,989188716,N/A,1842604800,216927350,0,404080000,85.3769,1.9606,1.896,96.3663,
600460.SH,Ê¿À¼Î¢,2008-08-18,1.7274,1.7577,1.7577,1.5532,1.5532,2647469,11264470,-0.1743,-10.0877,4.2548,1.2204,889402135,N/A,1656728000,216927350,0,404080000,76.7643,1.7628,1.7048,86.6451,
600460.SH,Ê¿À¼Î¢,2008-08-19,1.5532,1.5229,1.5797,1.5153,1.5645,2158710,8823535,0.0114,0.7317,4.0874,0.9951,895909955.5,N/A,1668850400,216927350,0,404080000,77.326,1.7757,1.7172,87.2791,
600460.SH,Ê¿À¼Î¢,2008-08-20,1.5645,1.5645,1.7199,1.5153,1.7085,3012423,13055919,0.144,9.201,4.334,1.3887,978342348.5,N/A,1822400800,216927350,0,404080000,84.4407,1.9391,1.8752,95.3096,
600460.SH,Ê¿À¼Î¢,2008-08-21,1.7085,1.6592,1.7161,1.6138,1.6214,2350954,10287502,-0.0871,-5.0998,4.3759,1.0838,928449058,N/A,1729462400,216927350,0,404080000,80.1345,1.8402,1.7796,90.449,
600460.SH,Ê¿À¼Î¢,2008-08-22,1.6214,1.61,1.6403,1.5532,1.6214,1558415,6612921,0,0,4.2434,0.7184,928449058,N/A,1729462400,216927350,0,404080000,80.1345,1.8402,1.7796,90.449,
600460.SH,Ê¿À¼Î¢,2008-08-25,1.6214,1.61,1.6592,1.5911,1.6138,1613132,6956570,-0.0076,-0.4673,4.3125,0.7436,924110511,N/A,1721380800,216927350,0,404080000,79.76,1.8316,1.7713,90.0264,
600460.SH,Ê¿À¼Î¢,2008-08-26,1.6138,1.5948,1.6214,1.485,1.5342,1968705,8001128,-0.0796,-4.9296,4.0642,0.9075,878555767.5,N/A,1636524000,216927350,0,404080000,75.8282,1.7413,1.684,85.5885,
600460.SH,Ê¿À¼Î¢,2008-08-27,1.5342,1.5153,1.5494,1.4736,1.5418,1708857,6861589,0.0076,0.4938,4.0153,0.7878,882894314.5,N/A,1644605600,216927350,0,404080000,76.2026,1.7499,1.6923,86.0111,
600460.SH,Ê¿À¼Î¢,2008-08-28,1.5418,1.538,1.5494,1.5039,1.5229,979068,3955229,-0.0189,-1.2285,4.0398,0.4513,872047947,N/A,1624401600,216927350,0,404080000,75.2665,1.7284,1.6715,84.9545,
600460.SH,Ê¿À¼Î¢,2008-08-29,1.5229,1.5267,1.6365,1.5267,1.6214,2626413,11120654,0.0985,6.4677,4.2342,1.2107,928449058,N/A,1729462400,216927350,0,404080000,80.1345,1.8402,1.7796,90.449,
600460.SH,Ê¿À¼Î¢,2008-09-01,1.6214,1.6024,1.6024,1.5153,1.5418,1878255,7699625,-0.0796,-4.9065,4.0994,0.8658,882894314.5,N/A,1644605600,216927350,0,404080000,76.2026,1.7499,1.6923,86.0111,
600460.SH,Ê¿À¼Î¢,2008-09-02,1.5418,1.5418,1.61,1.4963,1.5911,1483389,6149668,0.0492,3.1941,4.1457,0.6838,911094870,N/A,1697136000,216927350,0,404080000,78.6366,1.8058,1.7464,88.7584,
600460.SH,Ê¿À¼Î¢,2008-09-03,1.5911,1.5873,1.6668,1.5607,1.6214,3087488,13184166,0.0303,1.9048,4.2702,1.4233,928449058,N/A,1729462400,216927350,0,404080000,80.1345,1.8402,1.7796,90.449,
600460.SH,Ê¿À¼Î¢,2008-09-04,1.6214,1.6062,1.6668,1.5721,1.6289,2189802,9383132,0.0076,0.4673,4.2849,1.0095,932787605,N/A,1737544000,216927350,0,404080000,80.5089,1.8488,1.7879,90.8717,
600460.SH,Ê¿À¼Î¢,2008-09-05,1.6289,1.5721,1.6062,1.5191,1.5304,1845279,7618764,-0.0985,-6.0465,4.1288,0.8506,876386494,N/A,1632483200,216927350,0,404080000,75.6409,1.737,1.6798,85.3771,
600460.SH,Ê¿À¼Î¢,2008-09-08,1.5304,1.5532,1.5721,1.4395,1.4623,1670383,6572178,-0.0682,-4.4554,3.9345,0.77,837339571,N/A,1559748800,216927350,0,404080000,72.2708,1.6596,1.605,81.5732,
600460.SH,Ê¿À¼Î¢,2008-09-09,1.4623,1.5039,1.5077,1.4471,1.4812,1001857,3920304,0.0189,1.2953,3.913,0.4618,848185938.5,N/A,1579952800,216927350,0,404080000,73.2069,1.6811,1.6258,82.6299,
600460.SH,Ê¿À¼Î¢,2008-09-10,1.4812,1.485,1.5418,1.4509,1.5001,1310961,5186848,0.0189,1.2788,3.9565,0.6043,859032306,N/A,1600156800,216927350,0,404080000,74.1431,1.7026,1.6466,83.6865,
600460.SH,Ê¿À¼Î¢,2008-09-11,1.5001,1.5001,1.5153,1.4585,1.4812,841856,3294877,-0.0189,-1.2626,3.9138,0.3881,848185938.5,N/A,1579952800,216927350,0,404080000,73.2069,1.6811,1.6258,82.6299,
600460.SH,Ê¿À¼Î¢,2008-09-12,1.4812,1.4812,1.5153,1.4623,1.4926,632175,2491873,0.0114,0.7673,3.9417,0.2914,854693759,N/A,1592075200,216927350,0,404080000,73.7686,1.694,1.6382,83.2638,
600460.SH,Ê¿À¼Î¢,2008-09-16,1.4926,1.4888,1.4926,1.4054,1.4244,1261977,4851359,-0.0682,-4.5685,3.8443,0.5818,815646836,N/A,1519340800,216927350,0,404080000,70.3985,1.6166,1.5634,79.4599,
600460.SH,Ê¿À¼Î¢,2008-09-17,1.4244,1.4244,1.4509,1.3827,1.4092,997999,3731042,-0.0152,-1.0638,3.7385,0.4601,806969742,N/A,1503177600,216927350,0,404080000,69.6496,1.5994,1.5468,78.6146,
600460.SH,Ê¿À¼Î¢,2008-09-18,1.4092,1.3865,1.3865,1.2691,1.3259,2838229,9745611,-0.0833,-5.914,3.4337,1.3084,759245725,N/A,1414280000,216927350,0,404080000,65.5305,1.5049,1.4553,73.9653,
600460.SH,Ê¿À¼Î¢,2008-09-19,1.3259,1.4357,1.4585,1.4092,1.4585,2058031,7850824,0.1326,10,3.8147,0.9487,835170297.5,N/A,1555708000,216927350,0,404080000,72.0836,1.6553,1.6008,81.3619,
600460.SH,Ê¿À¼Î¢,2008-09-22,1.4585,1.5191,1.5873,1.4471,1.5153,4244721,17012948,0.0568,3.8961,4.008,1.9567,867709400,N/A,1616320000,216927350,0,404080000,74.892,1.7198,1.6632,84.5318,
600460.SH,Ê¿À¼Î¢,2008-09-23,1.5153,1.4585,1.466,1.3675,1.3941,2144839,8122221,-0.1212,-8,3.7869,0.9887,798292648,N/A,1487014400,216927350,0,404080000,68.9007,1.5823,1.5301,77.7693,
600460.SH,Ê¿À¼Î¢,2008-09-24,1.3941,1.4016,1.4244,1.3638,1.4244,1339906,4970894,0.0303,2.1739,3.7099,0.6177,815646836,N/A,1519340800,216927350,0,404080000,70.3985,1.6166,1.5634,79.4599,
600460.SH,Ê¿À¼Î¢,2008-09-25,1.4244,1.4395,1.4736,1.4168,1.4547,1921004,7378504,0.0303,2.1277,3.841,0.8856,833001024,N/A,1551667200,216927350,0,404080000,71.8963,1.651,1.5967,81.1505,
600460.SH,Ê¿À¼Î¢,2008-09-26,1.4547,1.4547,1.5001,1.4395,1.466,1691080,6559112,0.0114,0.7813,3.8787,0.7796,839508844.5,N/A,1563789600,216927350,0,404080000,72.458,1.6639,1.6091,81.7845,
600460.SH,Ê¿À¼Î¢,2008-10-06,1.466,1.4395,1.4509,1.3638,1.4016,1326913,4889777,-0.0644,-4.3928,3.6851,0.6117,802631195,N/A,1495096000,216927350,0,404080000,69.2751,1.5908,1.5385,78.1919,
600460.SH,Ê¿À¼Î¢,2008-10-07,1.4016,1.3448,1.485,1.341,1.4698,3235474,12312918,0.0682,4.8649,3.8056,1.4915,841678118,N/A,1567830400,216927350,0,404080000,72.6453,1.6682,1.6133,81.9959,
600460.SH,Ê¿À¼Î¢,2008-10-08,1.4698,1.485,1.5948,1.4736,1.5683,11891250,48625423,0.0985,6.701,4.0892,5.4817,898079229,N/A,1672891200,216927350,0,404080000,77.5132,1.78,1.7214,87.4904,
600460.SH,Ê¿À¼Î¢,2008-10-09,1.5683,1.5835,1.5835,1.4926,1.5077,5484218,22055042,-0.0606,-3.8647,4.0215,2.5281,863370853,N/A,1608238400,216927350,0,404080000,74.5176,1.7112,1.6549,84.1092,
600460.SH,Ê¿À¼Î¢,2008-10-10,1.5077,1.4319,1.4395,1.3562,1.3562,3907089,14133331,-0.1515,-10.0503,3.6174,1.8011,776599913,N/A,1446606400,216927350,0,404080000,67.0284,1.5393,1.4886,75.656,
600460.SH,Ê¿À¼Î¢,2008-10-13,1.3562,1.3069,1.3638,1.2387,1.36,3040933,10303506,0.0038,0.2793,3.3883,1.4018,778769186.5,N/A,1450647200,216927350,0,404080000,67.2156,1.5436,1.4927,75.8673,
600460.SH,Ê¿À¼Î¢,2008-10-14,1.36,1.3979,1.4206,1.2766,1.288,2465701,8807640,-0.072,-5.2925,3.5721,1.1366,737552990,N/A,1373872000,216927350,0,404080000,63.6582,1.4619,1.4137,71.852,
600460.SH,Ê¿À¼Î¢,2008-10-15,1.288,1.2691,1.3107,1.2425,1.2577,1374435,4594530,-0.0303,-2.3529,3.3428,0.6336,720198802,N/A,1341545600,216927350,0,404080000,62.1604,1.4275,1.3804,70.1614,
600460.SH,Ê¿À¼Î¢,2008-10-16,1.2577,1.2198,1.2198,1.1327,1.1327,3197815,9775306,-0.125,-9.9398,3.0569,1.4741,648612776.5,N/A,1208199200,216927350,0,404080000,55.9818,1.2856,1.2432,63.1875,
600460.SH,Ê¿À¼Î¢,2008-10-17,1.1327,1.1516,1.1706,1.1327,1.1478,1576973,4791225,0.0152,1.3378,3.0382,0.727,657289870.5,N/A,1224362400,216927350,0,404080000,56.7307,1.3028,1.2599,64.0329,
600460.SH,Ê¿À¼Î¢,2008-10-20,1.1478,1.1478,1.2009,1.144,1.1933,1723308,5341085,0.0455,3.9604,3.0993,0.7944,683321152.5,N/A,1272852000,216927350,0,404080000,58.9775,1.3544,1.3098,66.5688,
600460.SH,Ê¿À¼Î¢,2008-10-21,1.1933,1.2009,1.2236,1.1819,1.1857,1692990,5354703,-0.0076,-0.6349,3.1629,0.7804,678982605.5,N/A,1264770400,216927350,0,404080000,58.603,1.3458,1.3014,66.1461,
600460.SH,Ê¿À¼Î¢,2008-10-22,1.1857,1.1819,1.2047,1.1554,1.1592,1489362,4645941,-0.0265,-2.2364,3.1194,0.6866,663797691,N/A,1236484800,216927350,0,404080000,57.2924,1.3157,1.2723,64.6668,
600460.SH,Ê¿À¼Î¢,2008-10-23,1.1592,1.1592,1.1933,1.1289,1.1781,1435027,4404028,0.0189,1.634,3.069,0.6615,674644058.5,N/A,1256688800,216927350,0,404080000,58.2285,1.3372,1.2931,65.7235,
600460.SH,Ê¿À¼Î¢,2008-10-24,1.1781,1.1933,1.1971,1.1554,1.1668,1191141,3705583,-0.0114,-0.9646,3.111,0.5491,668136238,N/A,1244566400,216927350,0,404080000,57.6669,1.3243,1.2807,65.0895,
600460.SH,Ê¿À¼Î¢,2008-10-27,1.1668,1.1478,1.163,1.0493,1.0493,2083901,6023528,-0.1174,-10.0649,2.8905,0.9606,600888759.5,N/A,1119301600,216927350,0,404080000,51.8627,1.191,1.1518,58.5383,
600460.SH,Ê¿À¼Î¢,2008-10-28,1.0493,0.9849,1.0872,0.9849,1.0683,1676440,4656136,0.0189,1.8051,2.7774,0.7728,611735127,N/A,1139505600,216927350,0,404080000,52.7989,1.2125,1.1725,59.5949,
600460.SH,Ê¿À¼Î¢,2008-10-29,1.0683,1.0607,1.0834,1.0304,1.0342,1111741,3110215,-0.0341,-3.1915,2.7976,0.5125,592211665.5,N/A,1103138400,216927350,0,404080000,51.1138,1.1738,1.1351,57.693,
600460.SH,Ê¿À¼Î¢,2008-10-30,1.0342,1.0342,1.0645,1.0115,1.0493,1059702,2924766,0.0152,1.4652,2.76,0.4885,600888759.5,N/A,1119301600,216927350,0,404080000,51.8627,1.191,1.1518,58.5383,
600460.SH,Ê¿À¼Î¢,2008-10-31,1.0493,1.0683,1.0872,1.0152,1.0342,1130802,3139863,-0.0152,-1.444,2.7767,0.5213,592211665.5,N/A,1103138400,216927350,0,404080000,51.1138,1.1738,1.1351,57.693,
600460.SH,Ê¿À¼Î¢,2008-11-03,1.0342,1.019,1.0531,1.019,1.0342,680836,1859713,0,0,2.7315,0.1685,1103138400,N/A,1103138400,404080000,0,404080000,51.1138,1.1738,1.1351,57.693,
600460.SH,Ê¿À¼Î¢,2008-11-04,1.0342,1.0039,1.0342,0.9774,1.0001,710283,1874794,-0.0341,-3.2967,2.6395,0.1758,1066771200,N/A,1066771200,404080000,0,404080000,49.4287,1.1351,1.0977,55.791,
600460.SH,Ê¿À¼Î¢,2008-11-05,1.0001,1.0228,1.0683,1.0039,1.0645,1800596,4946269,0.0644,6.4394,2.747,0.4456,1135464800,N/A,1135464800,404080000,0,404080000,52.6116,1.2082,1.1684,59.3836,
600460.SH,Ê¿À¼Î¢,2008-11-06,1.0645,1.038,1.0531,1.0228,1.0455,941190,2577631,-0.0189,-1.7794,2.7387,0.2329,1115260800,N/A,1115260800,404080000,0,404080000,51.6755,1.1867,1.1476,58.327,
600460.SH,Ê¿À¼Î¢,2008-11-07,1.0455,1.0228,1.1516,1.0228,1.144,6819388,20319804,0.0985,9.4203,2.9797,1.6876,1220321600,N/A,1220321600,404080000,0,404080000,56.5435,1.2985,1.2557,63.8215,
600460.SH,Ê¿À¼Î¢,2008-11-10,1.144,1.1365,1.2047,1.1213,1.1971,8664303,26785840,0.053,4.6358,3.0915,2.1442,1276892800,N/A,1276892800,404080000,0,404080000,59.1647,1.3587,1.3139,66.7801,
600460.SH,Ê¿À¼Î¢,2008-11-11,1.1971,1.1743,1.1895,1.144,1.144,4821067,14825344,-0.053,-4.4304,3.0751,1.1931,1220321600,N/A,1220321600,404080000,0,404080000,56.5435,1.2985,1.2557,63.8215,
600460.SH,Ê¿À¼Î¢,2008-11-12,1.144,1.1251,1.1819,1.1213,1.1781,2815120,8629509,0.0341,2.9801,3.0654,0.6967,1256688800,N/A,1256688800,404080000,0,404080000,58.2285,1.3372,1.2931,65.7235,
600460.SH,Ê¿À¼Î¢,2008-11-13,1.1781,1.1706,1.2387,1.1554,1.2198,6182161,19683742,0.0417,3.537,3.184,1.5299,1301137600,N/A,1301137600,404080000,0,404080000,60.2881,1.3845,1.3389,68.0481,
600460.SH,Ê¿À¼Î¢,2008-11-14,1.2198,1.2312,1.2804,1.2122,1.2728,7423979,24278971,0.053,4.3478,3.2703,1.8373,1357708800,N/A,1357708800,404080000,0,404080000,62.9093,1.4447,1.3971,71.0067,
600460.SH,Ê¿À¼Î¢,2008-11-17,1.2728,1.2501,1.3448,1.2425,1.3183,6917422,23395592,0.0455,3.5714,3.3821,1.7119,1406198400,N/A,1406198400,404080000,0,404080000,65.1561,1.4963,1.447,73.5427,
600460.SH,Ê¿À¼Î¢,2008-11-18,1.3183,1.3145,1.3145,1.1857,1.1857,5588158,18402501,-0.1326,-10.0575,3.2931,1.3829,1264770400,N/A,1264770400,404080000,0,404080000,58.603,1.3458,1.3014,66.1461,
600460.SH,Ê¿À¼Î¢,2008-11-19,1.1857,1.1668,1.2804,1.1668,1.2653,3975330,12933021,0.0796,6.7093,3.2533,0.9838,1349627200,N/A,1349627200,404080000,0,404080000,62.5348,1.4361,1.3888,70.5841,
600460.SH,Ê¿À¼Î¢,2008-11-20,1.2653,1.235,1.3183,1.1971,1.2804,5036968,16958550,0.0152,1.1976,3.3668,1.2465,1365790400,N/A,1365790400,404080000,0,404080000,63.2838,1.4533,1.4054,71.4294,
600460.SH,Ê¿À¼Î¢,2008-11-21,1.2804,1.235,1.2956,1.1743,1.2387,4081335,13321502,-0.0417,-3.2544,3.264,1.01,1321341600,N/A,1321341600,404080000,0,404080000,61.2242,1.406,1.3597,69.1048,
600460.SH,Ê¿À¼Î¢,2008-11-24,1.2387,1.2236,1.2691,1.1857,1.1933,2371692,7673612,-0.0455,-3.6697,3.2355,0.5869,1272852000,N/A,1272852000,404080000,0,404080000,58.9775,1.3544,1.3098,66.5688,
600460.SH,Ê¿À¼Î¢,2008-11-25,1.1933,1.2274,1.2312,1.1668,1.2009,1446788,4565314,0.0076,0.6349,3.1555,0.358,1280933600,N/A,1280933600,404080000,0,404080000,59.3519,1.363,1.3181,66.9915,
600460.SH,Ê¿À¼Î¢,2008-11-26,1.2009,1.2047,1.2615,1.1895,1.2463,2983954,9719410,0.0455,3.7855,3.2572,0.7385,1329423200,N/A,1329423200,404080000,0,404080000,61.5987,1.4146,1.368,69.5274,
600460.SH,Ê¿À¼Î¢,2008-11-27,1.2463,1.3335,1.3448,1.2236,1.2425,4286834,14496101,-0.0038,-0.304,3.3815,1.0609,1325382400,N/A,1325382400,404080000,0,404080000,61.4115,1.4103,1.3638,69.3161,
600460.SH,Ê¿À¼Î¢,2008-11-28,1.2425,1.2501,1.2501,1.1895,1.235,2315225,7437094,-0.0076,-0.6098,3.2123,0.573,1317300800,N/A,1317300800,404080000,0,404080000,61.037,1.4017,1.3555,68.8934,
600460.SH,Ê¿À¼Î¢,2008-12-01,1.235,1.216,1.36,1.2084,1.36,7793100,26971053,0.125,10.1227,3.4609,1.9286,1450647200,N/A,1450647200,404080000,0,404080000,67.2156,1.5436,1.4927,75.8673,
600460.SH,Ê¿À¼Î¢,2008-12-02,1.36,1.3751,1.4623,1.36,1.3903,18894887,70330616,0.0303,2.2284,3.7222,4.676,1482973600,N/A,1482973600,404080000,0,404080000,68.7134,1.578,1.526,77.5579,
600460.SH,Ê¿À¼Î¢,2008-12-03,1.3903,1.3713,1.4585,1.3675,1.4244,9985859,37184673,0.0341,2.4523,3.7237,2.4713,1519340800,N/A,1519340800,404080000,0,404080000,70.3985,1.6166,1.5634,79.4599,
600460.SH,Ê¿À¼Î¢,2008-12-04,1.4244,1.4282,1.4774,1.4016,1.4282,10179386,38620269,0.0038,0.266,3.794,2.5192,1523381600,N/A,1523381600,404080000,0,404080000,70.5857,1.6209,1.5676,79.6712,
600460.SH,Ê¿À¼Î¢,2008-12-05,1.4282,1.4319,1.5115,1.3751,1.5077,12932314,49888590,0.0796,5.5703,3.8577,3.2004,1608238400,N/A,1608238400,404080000,0,404080000,74.5176,1.7112,1.6549,84.1092,
600460.SH,Ê¿À¼Î¢,2008-12-08,1.5077,1.5077,1.5456,1.4774,1.5418,11763780,47013705,0.0341,2.2613,3.9965,2.9113,1644605600,N/A,1644605600,404080000,0,404080000,76.2026,1.7499,1.6923,86.0111,
600460.SH,Ê¿À¼Î¢,2008-12-09,1.5418,1.5342,1.5342,1.4471,1.4547,7611177,29832762,-0.0871,-5.6511,3.9196,1.8836,1551667200,N/A,1551667200,404080000,0,404080000,71.8963,1.651,1.5967,81.1505,
600460.SH,Ê¿À¼Î¢,2008-12-10,1.4547,1.4433,1.5077,1.4319,1.4926,5509811,21451637,0.0379,2.6042,3.8934,1.3635,1592075200,N/A,1592075200,404080000,0,404080000,73.7686,1.694,1.6382,83.2638,
600460.SH,Ê¿À¼Î¢,2008-12-11,1.4926,1.4774,1.4926,1.413,1.413,4768996,18216448,-0.0796,-5.3299,3.8198,1.1802,1507218400,N/A,1507218400,404080000,0,404080000,69.8368,1.6037,1.5509,78.8259,
600460.SH,Ê¿À¼Î¢,2008-12-12,1.413,1.4016,1.4206,1.3448,1.3675,3983962,14467733,-0.0455,-3.2172,3.6315,0.9859,1458728800,N/A,1458728800,404080000,0,404080000,67.59,1.5522,1.501,76.29,
600460.SH,Ê¿À¼Î¢,2008-12-15,1.3675,1.4016,1.5039,1.3827,1.5039,13185963,51952272,0.1364,9.9723,3.94,3.2632,1604197600,N/A,1604197600,404080000,0,404080000,74.3303,1.7069,1.6507,83.8978,
600460.SH,Ê¿À¼Î¢,2008-12-16,1.5039,1.5267,1.5418,1.466,1.5342,14721511,58812327,0.0303,2.0151,3.995,3.6432,1636524000,N/A,1636524000,404080000,0,404080000,75.8282,1.7413,1.684,85.5885,
600460.SH,Ê¿À¼Î¢,2008-12-17,1.5342,1.5267,1.5835,1.4963,1.5153,9675923,39310088,-0.0189,-1.2346,4.0627,2.3946,1616320000,N/A,1616320000,404080000,0,404080000,74.892,1.7198,1.6632,84.5318,
600460.SH,Ê¿À¼Î¢,2008-12-18,1.5153,1.5153,1.5494,1.4698,1.5418,5488626,21977879,0.0265,1.75,4.0043,1.3583,1644605600,N/A,1644605600,404080000,0,404080000,76.2026,1.7499,1.6923,86.0111,
600460.SH,Ê¿À¼Î¢,2008-12-19,1.5418,1.5267,1.5645,1.5077,1.5229,5449509,22105690,-0.0189,-1.2285,4.0565,1.3486,1624401600,N/A,1624401600,404080000,0,404080000,75.2665,1.7284,1.6715,84.9545,
600460.SH,Ê¿À¼Î¢,2008-12-22,1.5229,1.5153,1.5304,1.466,1.4926,4677104,18390471,-0.0303,-1.99,3.932,1.1575,1592075200,N/A,1592075200,404080000,0,404080000,73.7686,1.694,1.6382,83.2638,
600460.SH,Ê¿À¼Î¢,2008-12-23,1.4926,1.5001,1.5115,1.3448,1.3524,5685891,21403359,-0.1402,-9.3909,3.7643,1.4071,1442565600,N/A,1442565600,404080000,0,404080000,66.8411,1.535,1.4844,75.4446,
600460.SH,Ê¿À¼Î¢,2008-12-24,1.3524,1.3448,1.3638,1.288,1.3145,4213223,14695617,-0.0379,-2.8011,3.488,1.0427,1402157600,N/A,1402157600,404080000,0,404080000,64.9688,1.492,1.4428,73.3314,
600460.SH,Ê¿À¼Î¢,2008-12-25,1.3145,1.3069,1.3562,1.288,1.3297,2811587,9799474,0.0152,1.1527,3.4854,0.6958,1418320800,N/A,1418320800,404080000,0,404080000,65.7177,1.5092,1.4594,74.1767,
600460.SH,Ê¿À¼Î¢,2008-12-26,1.3297,1.3486,1.3751,1.3145,1.3145,2008831,7080785,-0.0152,-1.1396,3.5248,0.4971,1402157600,N/A,1402157600,404080000,0,404080000,64.9688,1.492,1.4428,73.3314,
600460.SH,Ê¿À¼Î¢,2008-12-29,1.3145,1.3069,1.3183,1.2425,1.2842,2052511,6887352,-0.0303,-2.3055,3.3556,0.5079,1369831200,N/A,1369831200,404080000,0,404080000,63.471,1.4576,1.4096,71.6407,
600460.SH,Ê¿À¼Î¢,2008-12-30,1.2842,1.2994,1.3297,1.2842,1.2994,2089788,7216689,0.0152,1.1799,3.4533,0.5172,1385994400,N/A,1385994400,404080000,0,404080000,64.2199,1.4748,1.4262,72.486,
600460.SH,Ê¿À¼Î¢,2008-12-31,1.2994,1.288,1.3145,1.2653,1.2691,1263826,4301827,-0.0303,-2.3324,3.4038,0.3128,1353668000,N/A,1353668000,404080000,0,404080000,62.7221,1.4404,1.3929,70.7954,
600460.SH,Ê¿À¼Î¢,2009-01-05,1.2691,1.288,1.3524,1.2766,1.3448,2542129,8819621,0.0758,5.9701,3.4694,0.6291,1434484000,N/A,1434484000,404080000,0,404080000,105.7924,1.9925,1.5373,112.8114,
600460.SH,Ê¿À¼Î¢,2009-01-06,1.3448,1.341,1.4206,1.3183,1.4168,4641933,16880382,0.072,5.3521,3.6365,1.1488,1511259200,N/A,1511259200,404080000,0,404080000,111.4545,2.0992,1.6196,118.8492,
600460.SH,Ê¿À¼Î¢,2009-01-07,1.4168,1.4244,1.4471,1.3903,1.4054,5651078,21075801,-0.0114,-0.8021,3.7295,1.3985,1499136800,N/A,1499136800,404080000,0,404080000,110.5605,2.0823,1.6066,117.8958,
600460.SH,Ê¿À¼Î¢,2009-01-08,1.4054,1.3675,1.3751,1.3259,1.341,2876073,10239931,-0.0644,-4.5822,3.5604,0.7118,1430443200,N/A,1430443200,404080000,0,404080000,105.4944,1.9869,1.533,112.4936,
600460.SH,Ê¿À¼Î¢,2009-01-09,1.341,1.341,1.3865,1.341,1.3789,1922639,6917994,0.0379,2.8249,3.5982,0.4758,1470851200,N/A,1470851200,404080000,0,404080000,108.4744,2.0431,1.5763,115.6714,
600460.SH,Ê¿À¼Î¢,2009-01-12,1.3789,1.3865,1.4092,1.3638,1.3903,2875811,10571151,0.0114,0.8242,3.6759,0.7117,1482973600,N/A,1482973600,404080000,0,404080000,109.3684,2.0599,1.5893,116.6247,
600460.SH,Ê¿À¼Î¢,2009-01-13,1.3903,1.3827,1.3827,1.3297,1.3297,2098121,7461426,-0.0606,-4.3597,3.5562,0.5192,1418320800,N/A,1418320800,404080000,0,404080000,104.6003,1.9701,1.52,111.5403,
600460.SH,Ê¿À¼Î¢,2009-01-14,1.3297,1.3448,1.3865,1.3335,1.3865,2227514,8029376,0.0568,4.2735,3.6046,0.5513,1478932800,N/A,1478932800,404080000,0,404080000,109.0704,2.0543,1.585,116.3069,
600460.SH,Ê¿À¼Î¢,2009-01-15,1.3865,1.3789,1.4736,1.3675,1.4395,6685009,25314700,0.053,3.8251,3.7868,1.6544,1535504000,N/A,1535504000,404080000,0,404080000,113.2425,2.1329,1.6456,120.7558,
600460.SH,Ê¿À¼Î¢,2009-01-16,1.4395,1.4395,1.5077,1.4244,1.4395,5614361,21766766,0,0,3.877,1.3894,1535504000,N/A,1535504000,404080000,0,404080000,113.2425,2.1329,1.6456,120.7558,
600460.SH,Ê¿À¼Î¢,2009-01-19,1.4395,1.4471,1.4963,1.4395,1.466,4955601,19182403,0.0265,1.8421,3.8709,1.2264,1563789600,N/A,1563789600,404080000,0,404080000,115.3286,2.1721,1.6759,122.9803,
600460.SH,Ê¿À¼Î¢,2009-01-20,1.466,1.4888,1.5191,1.4585,1.5001,5157906,20320927,0.0341,2.3256,3.9398,1.2765,1600156800,N/A,1600156800,404080000,0,404080000,118.0106,2.2227,1.7149,125.8403,
600460.SH,Ê¿À¼Î¢,2009-01-21,1.5001,1.4774,1.5001,1.4623,1.485,4405928,17190557,-0.0152,-1.0101,3.9017,1.0904,1583993600,N/A,1583993600,404080000,0,404080000,116.8186,2.2002,1.6976,124.5692,
600460.SH,Ê¿À¼Î¢,2009-01-22,1.485,1.5039,1.5229,1.4585,1.5191,4764664,18760612,0.0341,2.2959,3.9374,1.1791,1620360800,N/A,1620360800,404080000,0,404080000,119.5007,2.2507,1.7365,127.4292,
600460.SH,Ê¿À¼Î¢,2009-01-23,1.5191,1.5153,1.5342,1.4812,1.4888,5489823,21907738,-0.0303,-1.995,3.9906,1.3586,1588034400,N/A,1588034400,404080000,0,404080000,117.1166,2.2058,1.7019,124.887,
600460.SH,Ê¿À¼Î¢,2009-02-02,1.4888,1.5077,1.5418,1.4888,1.5304,4657202,18661575,0.0417,2.799,4.007,1.1525,1632483200,N/A,1632483200,404080000,0,404080000,120.3947,2.2676,1.7495,128.3825,
600460.SH,Ê¿À¼Î¢,2009-02-03,1.5304,1.5153,1.61,1.5153,1.5797,7492640,31141654,0.0492,3.2178,4.1563,1.8542,1685013600,N/A,1685013600,404080000,0,404080000,124.2688,2.3405,1.8058,132.5137,
600460.SH,Ê¿À¼Î¢,2009-02-04,1.5797,1.5873,1.6744,1.5759,1.6479,9659070,41588938,0.0682,4.3165,4.3057,2.3904,1757748000,N/A,1757748000,404080000,0,404080000,129.6329,2.4416,1.8838,138.2337,
600460.SH,Ê¿À¼Î¢,2009-02-05,1.6479,1.6289,1.7312,1.61,1.7009,12711161,55702145,0.053,3.2184,4.3821,3.1457,1814319200,N/A,1814319200,404080000,0,404080000,133.805,2.5201,1.9444,142.6826,
600460.SH,Ê¿À¼Î¢,2009-02-06,1.7009,1.7653,1.8335,1.7047,1.7994,17407476,81673008,0.0985,5.7906,4.6918,4.3079,1919380000,N/A,1919380000,404080000,0,404080000,141.5532,2.6661,2.057,150.9448,
600460.SH,Ê¿À¼Î¢,2009-02-09,1.7994,1.8146,1.8297,1.7502,1.8032,13127596,62018467,0.0038,0.2105,4.7243,3.2488,1923420800,N/A,1923420800,404080000,0,404080000,141.8512,2.6717,2.0613,151.2626,
600460.SH,Ê¿À¼Î¢,2009-02-10,1.8032,1.7805,1.985,1.7577,1.9775,13012812,63850378,0.1743,9.6639,4.9067,3.2204,2109297600,N/A,2109297600,404080000,0,404080000,155.5595,2.9299,2.2605,165.8804,
600460.SH,Ê¿À¼Î¢,2009-02-11,1.9775,1.9168,1.9964,1.8449,1.9055,13776576,70436553,-0.072,-3.6398,5.1128,3.4094,2032522400,N/A,2032522400,404080000,0,404080000,149.8973,2.8232,2.1783,159.8426,
600460.SH,Ê¿À¼Î¢,2009-02-12,1.9055,1.9244,1.9547,1.7956,1.9509,10201973,50559733,0.0455,2.3857,4.9559,2.5247,2081012000,N/A,2081012000,404080000,0,404080000,153.4734,2.8906,2.2302,163.6559,
600460.SH,Ê¿À¼Î¢,2009-02-13,1.9509,1.9623,2.0381,1.9168,1.9775,11219431,58802500,0.0265,1.3592,5.2411,2.7765,2109297600,N/A,2109297600,404080000,0,404080000,155.5595,2.9299,2.2605,165.8804,
600460.SH,Ê¿À¼Î¢,2009-02-16,1.9775,1.9888,2.0722,1.9547,2.0305,11048814,58206319,0.053,2.682,5.2681,2.7343,2165868800,N/A,2165868800,404080000,0,404080000,159.7316,3.0084,2.3212,170.3293,
600460.SH,Ê¿À¼Î¢,2009-02-17,2.0305,2.0078,2.0115,1.8979,1.9168,8743862,44851254,-0.1136,-5.597,5.1295,2.1639,2044644800,N/A,2044644800,404080000,0,404080000,150.7914,2.8401,2.1912,160.7959,
600460.SH,Ê¿À¼Î¢,2009-02-18,1.9168,1.8562,1.9093,1.7691,1.7843,6533240,31855316,-0.1326,-6.917,4.8759,1.6168,1903216800,N/A,1903216800,404080000,0,404080000,140.3611,2.6436,2.0397,149.6737,
600460.SH,Ê¿À¼Î¢,2009-02-19,1.7843,1.8865,1.9093,1.8146,1.8487,9610559,47057706,0.0644,3.6093,4.8965,2.3784,1971910400,N/A,1971910400,404080000,0,404080000,145.4272,2.739,2.1133,155.0759,
600460.SH,Ê¿À¼Î¢,2009-02-20,1.8487,1.8524,1.9206,1.8032,1.9055,7859991,38766027,0.0568,3.0738,4.9321,1.9452,2032522400,N/A,2032522400,404080000,0,404080000,149.8973,2.8232,2.1783,159.8426,
600460.SH,Ê¿À¼Î¢,2009-02-23,1.9055,1.8752,2.0949,1.8411,2.0949,19520324,104163178,0.1894,9.9404,5.3361,4.8308,2234562400,N/A,2234562400,404080000,0,404080000,164.7977,3.1039,2.3948,175.7315,
600460.SH,Ê¿À¼Î¢,2009-02-24,2.0949,2.1138,2.2578,2.0949,2.1517,29319889,168266084,0.0568,2.7125,5.739,7.256,2295174400,N/A,2295174400,404080000,0,404080000,169.2678,3.1881,2.4597,180.4982,
600460.SH,Ê¿À¼Î¢,2009-02-25,2.1517,2.1896,2.2275,2.0078,2.1366,14796874,82806676,-0.0152,-0.7042,5.5962,3.6619,2279011200,N/A,2279011200,404080000,0,404080000,168.0757,3.1656,2.4424,179.2271,
600460.SH,Ê¿À¼Î¢,2009-02-26,2.1366,2.1176,2.129,1.9244,1.9244,10471550,55974547,-0.2121,-9.9291,5.3454,2.5915,2052726400,N/A,2052726400,404080000,0,404080000,151.3874,2.8513,2.1999,161.4315,
600460.SH,Ê¿À¼Î¢,2009-02-27,1.9244,1.8487,1.8487,1.7312,1.7312,10226131,47574817,-0.1932,-10.0394,4.6523,2.5307,1846645600,N/A,1846645600,404080000,0,404080000,136.189,2.565,1.9791,145.2248,
600460.SH,Ê¿À¼Î¢,2009-03-02,1.7312,1.7009,1.7653,1.6138,1.7502,6473064,29230956,0.0189,1.0941,4.5158,1.6019,1866849600,N/A,1866849600,404080000,0,404080000,137.6791,2.5931,2.0007,146.8137,
600460.SH,Ê¿À¼Î¢,2009-03-03,1.7502,1.6706,1.7956,1.6479,1.7426,6709986,30597026,-0.0076,-0.4329,4.5599,1.6606,1858768000,N/A,1858768000,404080000,0,404080000,137.0831,2.5819,1.992,146.1781,
600460.SH,Ê¿À¼Î¢,2009-03-04,1.7426,1.7426,1.8676,1.7236,1.86,9101389,43655648,0.1174,6.7391,4.7966,2.2524,1984032800,N/A,1984032800,404080000,0,404080000,146.3213,2.7559,2.1263,156.0293,
600460.SH,Ê¿À¼Î¢,2009-03-05,1.86,1.879,2.0456,1.8373,1.9623,17693333,90584125,0.1023,5.499,5.1197,4.3787,2093134400,N/A,2093134400,404080000,0,404080000,154.3674,2.9074,2.2432,164.6093,
600460.SH,Ê¿À¼Î¢,2009-03-06,1.9623,1.9017,2.0759,1.8865,2.0456,20096023,106946020,0.0833,4.2471,5.3218,4.9733,2182032000,N/A,2182032000,404080000,0,404080000,160.9236,3.0309,2.3385,171.6004,
600460.SH,Ê¿À¼Î¢,2009-03-09,2.0456,2.0608,2.0722,1.8449,1.8676,12058842,62160748,-0.178,-8.7037,5.1548,2.9843,1992114400,N/A,1992114400,404080000,0,404080000,146.9173,2.7671,2.135,156.6648,
600460.SH,Ê¿À¼Î¢,2009-03-10,1.8676,1.8373,1.9358,1.8108,1.9282,6767270,33841023,0.0606,3.2454,5.0007,1.6747,2056767200,N/A,2056767200,404080000,0,404080000,151.6854,2.8569,2.2042,161.7493,
600460.SH,Ê¿À¼Î¢,2009-03-11,1.9282,1.9812,1.985,1.8752,1.8827,6494443,32928313,-0.0455,-2.3576,5.0702,1.6072,2008277600,N/A,2008277600,404080000,0,404080000,148.1093,2.7895,2.1523,157.9359,
600460.SH,Ê¿À¼Î¢,2009-03-12,1.8827,1.8714,1.8865,1.7426,1.8676,6409920,30617142,-0.0152,-0.8048,4.7765,1.5863,1992114400,N/A,1992114400,404080000,0,404080000,146.9173,2.7671,2.135,156.6648,
600460.SH,Ê¿À¼Î¢,2009-03-13,1.8676,1.8487,1.8903,1.807,1.8146,4404670,21466924,-0.053,-2.8398,4.8737,1.09,1935543200,N/A,1935543200,404080000,0,404080000,142.7452,2.6885,2.0743,152.2159,
600460.SH,Ê¿À¼Î¢,2009-03-16,1.8146,1.8221,1.8373,1.7691,1.8183,3673705,17493831,0.0038,0.2088,4.7619,0.9092,1939584000,N/A,1939584000,404080000,0,404080000,143.0432,2.6941,2.0787,152.5337,
600460.SH,Ê¿À¼Î¢,2009-03-17,1.8183,1.8221,1.9206,1.7994,1.9017,6652070,32866166,0.0833,4.5833,4.9407,1.6462,2028481600,N/A,2028481600,404080000,0,404080000,149.5993,2.8176,2.1739,159.5248,
600460.SH,Ê¿À¼Î¢,2009-03-18,1.9017,1.9055,2.004,1.9017,1.9434,8060335,41533646,0.0417,2.1912,5.1528,1.9947,2072930400,N/A,2072930400,404080000,0,404080000,152.8774,2.8794,2.2216,163.0204,
600460.SH,Ê¿À¼Î¢,2009-03-19,1.9434,1.9358,2.0002,1.9358,1.9775,7317027,38044613,0.0341,1.7544,5.1995,1.8108,2109297600,N/A,2109297600,404080000,0,404080000,155.5595,2.9299,2.2605,165.8804,
600460.SH,Ê¿À¼Î¢,2009-03-20,1.9775,1.9888,1.9888,1.9131,1.9471,6948938,35812733,-0.0303,-1.5326,5.1537,1.7197,2076971200,N/A,2076971200,404080000,0,404080000,153.1754,2.885,2.2259,163.3382,
600460.SH,Ê¿À¼Î¢,2009-03-23,1.9471,1.9244,2.0191,1.9244,1.9964,7333201,38375454,0.0492,2.5292,5.2331,1.8148,2129501600,N/A,2129501600,404080000,0,404080000,157.0495,2.9579,2.2822,167.4693,
600460.SH,Ê¿À¼Î¢,2009-03-24,1.9964,2.0115,2.1517,1.9964,2.0911,13895267,76316098,0.0947,4.7438,5.4922,3.4387,2230521600,N/A,2230521600,404080000,0,404080000,164.4997,3.0983,2.3905,175.4138,
600460.SH,Ê¿À¼Î¢,2009-03-25,2.0911,2.0722,2.1025,1.9737,1.9812,8172001,44034958,-0.1099,-5.2536,5.3885,2.0224,2113338400,N/A,2113338400,404080000,0,404080000,155.8575,2.9355,2.2649,166.1982,
600460.SH,Ê¿À¼Î¢,2009-03-26,1.9812,1.9699,2.0532,1.9509,2.0532,6169311,32623825,0.072,3.6329,5.2881,1.5268,2190113600,N/A,2190113600,404080000,0,404080000,161.5196,3.0421,2.3471,172.236,
600460.SH,Ê¿À¼Î¢,2009-03-27,2.0532,2.0608,2.1782,2.0419,2.1025,12428325,69375282,0.0492,2.3985,5.582,3.0757,2242644000,N/A,2242644000,404080000,0,404080000,165.3937,3.1151,2.4034,176.3671,
600460.SH,Ê¿À¼Î¢,2009-03-30,2.1025,2.1214,2.1896,2.1025,2.11,9894288,55843894,0.0076,0.3604,5.6441,2.4486,2250725600,N/A,2250725600,404080000,0,404080000,165.9897,3.1263,2.4121,177.0027,
600460.SH,Ê¿À¼Î¢,2009-03-31,2.11,2.0608,2.1176,2.0002,2.1176,7879323,42577311,0.0076,0.3591,5.4037,1.9499,2258807200,N/A,2258807200,404080000,0,404080000,166.5857,3.1375,2.4208,177.6382,
600460.SH,Ê¿À¼Î¢,2009-04-01,2.1176,2.1252,2.2388,2.1138,2.1858,12440069,71660604,0.0682,3.22,5.7605,3.0786,2331541600,N/A,2331541600,404080000,0,404080000,171.9498,3.2386,2.4987,183.3582,
600460.SH,Ê¿À¼Î¢,2009-04-02,2.1858,2.1972,2.2199,2.1555,2.1858,9377551,54037461,0,0,5.7624,2.3207,2331541600,N/A,2331541600,404080000,0,404080000,171.9498,3.2386,2.4987,183.3582,
600460.SH,Ê¿À¼Î¢,2009-04-03,2.1858,2.1593,2.1972,2.0873,2.1138,7410373,41717626,-0.072,-3.2929,5.6296,1.8339,2254766400,N/A,2254766400,404080000,0,404080000,166.2877,3.1319,2.4164,177.3204,
600460.SH,Ê¿À¼Î¢,2009-04-07,2.1138,2.0987,2.1403,2.0494,2.0911,5579658,30704123,-0.0227,-1.0753,5.5029,1.3808,2230521600,N/A,2230521600,404080000,0,404080000,164.4997,3.0983,2.3905,175.4138,
600460.SH,Ê¿À¼Î¢,2009-04-08,2.0911,2.0873,2.1631,2.0078,2.0115,9008691,49612568,-0.0796,-3.8043,5.5072,2.2294,2145664800,N/A,2145664800,404080000,0,404080000,158.2415,2.9804,2.2995,168.7404,
600460.SH,Ê¿À¼Î¢,2009-04-09,2.0115,1.985,2.0684,1.9812,2.0646,4622820,24744902,0.053,2.6365,5.3528,1.144,2202236000,N/A,2202236000,404080000,0,404080000,162.4136,3.059,2.3601,173.1893,
600460.SH,Ê¿À¼Î¢,2009-04-10,2.0646,2.0343,2.11,1.9775,2.0835,15391959,83087327,0.0189,0.9174,5.3981,3.8091,2222440000,N/A,2222440000,404080000,0,404080000,163.9037,3.087,2.3818,174.7782,
600460.SH,Ê¿À¼Î¢,2009-04-13,2.0835,2.0873,2.0949,2.0419,2.0646,10839884,59089745,-0.0189,-0.9091,5.4511,2.6826,2202236000,N/A,2202236000,404080000,0,404080000,162.4136,3.059,2.3601,173.1893,
600460.SH,Ê¿À¼Î¢,2009-04-14,2.0646,2.0684,2.1517,2.0381,2.1328,13314336,73651824,0.0682,3.3028,5.5318,3.295,2274970400,N/A,2274970400,404080000,0,404080000,167.7777,3.16,2.4381,178.9093,
600460.SH,Ê¿À¼Î¢,2009-04-15,2.1328,2.11,2.3449,2.0494,2.3032,25294177,147567636,0.1705,7.9929,5.8341,6.2597,2456806400,N/A,2456806400,404080000,0,404080000,181.188,3.4126,2.633,193.2094,
600460.SH,Ê¿À¼Î¢,2009-04-16,2.3032,2.2729,2.3222,2.1707,2.2199,17153070,101071244,-0.0833,-3.6184,5.8923,4.245,2367908800,N/A,2367908800,404080000,0,404080000,174.6319,3.2891,2.5377,186.2182,
600460.SH,Ê¿À¼Î¢,2009-04-17,2.2199,2.2085,2.2578,2.1025,2.1555,11889789,68547182,-0.0644,-2.901,5.7652,2.9424,2299215200,N/A,2299215200,404080000,0,404080000,169.5658,3.1937,2.4641,180.816,
600460.SH,Ê¿À¼Î¢,2009-04-20,2.1555,2.1555,2.3487,2.1214,2.2767,13952880,83299616,0.1212,5.6239,5.9701,3.453,2428520800,N/A,2428520800,404080000,0,404080000,179.102,3.3733,2.6026,190.9849,
600460.SH,Ê¿À¼Î¢,2009-04-21,2.2767,2.2351,2.4699,2.2237,2.4169,23978601,149421644,0.1402,6.1564,6.2315,5.9341,2578030400,N/A,2578030400,404080000,0,404080000,190.1282,3.581,2.7629,202.7427,
600460.SH,Ê¿À¼Î¢,2009-04-22,2.4169,2.4207,2.4851,2.2578,2.2805,18194541,114111737,-0.1364,-5.6426,6.2718,4.5027,2432561600,N/A,2432561600,404080000,0,404080000,179.4,3.3789,2.607,191.3027,
600460.SH,Ê¿À¼Î¢,2009-04-23,2.2805,2.2691,2.2805,2.1631,2.2275,8838758,51611807,-0.053,-2.3256,5.8393,2.1874,2375990400,N/A,2375990400,404080000,0,404080000,175.2279,3.3003,2.5464,186.8538,
600460.SH,Ê¿À¼Î¢,2009-04-24,2.2275,2.2426,2.379,2.2161,2.2843,11242341,68458640,0.0568,2.551,6.0894,2.7822,2436602400,N/A,2436602400,404080000,0,404080000,179.698,3.3845,2.6113,191.6205,
600460.SH,Ê¿À¼Î¢,2009-04-27,2.2843,2.2805,2.2805,2.057,2.0608,9763008,55146436,-0.2235,-9.7844,5.6485,2.4161,2198195200,N/A,2198195200,404080000,0,404080000,162.1156,3.0533,2.3558,172.8715,
600460.SH,Ê¿À¼Î¢,2009-04-28,2.0608,2.0646,2.1138,1.985,2.0305,6580071,35555314,-0.0303,-1.4706,5.4035,1.6284,2165868800,N/A,2165868800,404080000,0,404080000,159.7316,3.0084,2.3212,170.3293,
600460.SH,Ê¿À¼Î¢,2009-04-29,2.0305,2.0305,2.1403,2.0115,2.1328,6136759,33663910,0.1023,5.0373,5.4856,1.5187,2274970400,N/A,2274970400,404080000,0,404080000,167.7777,3.16,2.4381,178.9093,
600460.SH,Ê¿À¼Î¢,2009-04-30,2.1328,2.1214,2.1403,2.0835,2.1328,5323931,29695847,0,0,5.5778,1.3175,2274970400,N/A,2274970400,404080000,0,404080000,167.7777,3.16,2.4381,178.9093,
600460.SH,Ê¿À¼Î¢,2009-05-04,2.1328,2.129,2.1896,2.1214,2.1782,5462684,31202835,0.0455,2.1314,5.712,1.3519,2323460000,N/A,2323460000,404080000,0,404080000,171.3538,3.2273,2.4901,182.7227,
600460.SH,Ê¿À¼Î¢,2009-05-05,2.1782,2.1972,2.254,2.1782,2.1972,7004554,40980250,0.0189,0.8696,5.8505,1.7335,2343664000,N/A,2343664000,404080000,0,404080000,172.8439,3.2554,2.5117,184.3116,
600460.SH,Ê¿À¼Î¢,2009-05-06,2.1972,2.1972,2.2729,2.1858,2.2654,6973723,41128902,0.0682,3.1034,5.8977,1.7258,2416398400,N/A,2416398400,404080000,0,404080000,178.208,3.3564,2.5897,190.0316,
600460.SH,Ê¿À¼Î¢,2009-05-07,2.2654,2.2426,2.3184,2.1517,2.1972,6954002,40620895,-0.0682,-3.01,5.8414,1.7209,2343664000,N/A,2343664000,404080000,0,404080000,172.8439,3.2554,2.5117,184.3116,
600460.SH,Ê¿À¼Î¢,2009-05-08,2.1972,2.1707,2.1896,2.11,2.1631,6785428,38526799,-0.0341,-1.5517,5.6779,1.6792,2307296800,N/A,2307296800,404080000,0,404080000,170.1618,3.2049,2.4727,181.4516,
600460.SH,Ê¿À¼Î¢,2009-05-11,2.1631,2.1669,2.2275,2.0494,2.0608,7212551,40784836,-0.1023,-4.7285,5.6547,1.7849,2198195200,N/A,2198195200,404080000,0,404080000,162.1156,3.0533,2.3558,172.8715,
600460.SH,Ê¿À¼Î¢,2009-05-12,2.0608,2.0608,2.1138,2.0456,2.1138,4007611,22066604,0.053,2.5735,5.5062,0.9918,2254766400,N/A,2254766400,404080000,0,404080000,166.2877,3.1319,2.4164,177.3204,
600460.SH,Ê¿À¼Î¢,2009-05-13,2.1138,2.11,2.182,2.0873,2.1555,5261146,29787805,0.0417,1.9713,5.6618,1.302,2299215200,N/A,2299215200,404080000,0,404080000,169.5658,3.1937,2.4641,180.816,
600460.SH,Ê¿À¼Î¢,2009-05-14,2.1555,2.1138,2.1555,2.1063,2.1403,4878101,27424948,-0.0152,-0.703,5.6221,1.2072,2283052000,N/A,2283052000,404080000,0,404080000,168.3738,3.1712,2.4467,179.5449,
600460.SH,Ê¿À¼Î¢,2009-05-15,2.1403,2.1669,2.2199,2.1403,2.2161,8226948,47601756,0.0758,3.5398,5.7861,2.036,2363868000,N/A,2363868000,404080000,0,404080000,174.3339,3.2835,2.5334,185.9005,
600460.SH,Ê¿À¼Î¢,2009-05-18,2.2161,2.2123,2.2199,2.1441,2.1972,5793401,33435731,-0.0189,-0.8547,5.7713,1.4337,2343664000,N/A,2343664000,404080000,0,404080000,172.8439,3.2554,2.5117,184.3116,
600460.SH,Ê¿À¼Î¢,2009-05-19,2.1972,2.2047,2.2464,2.1858,2.2275,7048937,41358379,0.0303,1.3793,5.8673,1.7444,2375990400,N/A,2375990400,404080000,0,404080000,175.2279,3.3003,2.5464,186.8538,
600460.SH,Ê¿À¼Î¢,2009-05-20,2.2275,2.2275,2.254,2.1934,2.2313,7337174,43010777,0.0038,0.1701,5.862,1.8158,2380031200,N/A,2380031200,404080000,0,404080000,175.5259,3.3059,2.5507,187.1716,
600460.SH,Ê¿À¼Î¢,2009-05-21,2.2313,2.2313,2.2313,2.2313,2.2313,N/A,N/A,0,0,N/A,N/A,2380031200,N/A,2380031200,404080000,0,404080000,175.5259,3.3059,2.5507,187.1716,
600460.SH,Ê¿À¼Î¢,2009-05-22,2.2313,2.2237,2.3487,2.2047,2.2919,19415786,117123454,0.0606,2.7165,6.0324,4.8049,2444684000,N/A,2444684000,404080000,0,404080000,180.294,3.3957,2.62,192.256,
600460.SH,Ê¿À¼Î¢,2009-05-25,2.2919,2.2351,2.2805,2.1593,2.2578,9246366,53816517,-0.0341,-1.4876,5.8203,2.2883,2408316800,N/A,2408316800,404080000,0,404080000,177.612,3.3452,2.581,189.396,
600460.SH,Ê¿À¼Î¢,2009-05-26,2.2578,2.254,2.3639,2.2275,2.2919,11464745,70054134,0.0341,1.5101,6.1104,2.8372,2444684000,N/A,2444684000,404080000,0,404080000,180.294,3.3957,2.62,192.256,
600460.SH,Ê¿À¼Î¢,2009-05-27,2.2919,2.3184,2.3676,2.2729,2.3146,8998815,54948391,0.0227,0.9917,6.1062,2.227,2468928800,N/A,2468928800,404080000,0,404080000,182.0821,3.4294,2.646,194.1627,
600460.SH,Ê¿À¼Î¢,2009-06-01,2.3146,2.3487,2.3676,2.2919,2.3184,8882637,54421602,0.0038,0.1637,6.1267,2.1982,2472969600,N/A,2472969600,404080000,0,404080000,182.3801,3.435,2.6503,194.4805,
600460.SH,Ê¿À¼Î¢,2009-06-02,2.3184,2.3222,2.3335,2.2351,2.254,8529039,51100228,-0.0644,-2.7778,5.9913,2.1107,2404276000,N/A,2404276000,404080000,0,404080000,177.314,3.3396,2.5767,189.0782,
600460.SH,Ê¿À¼Î¢,2009-06-03,2.254,2.254,2.3108,2.2275,2.2843,7234840,43226921,0.0303,1.3445,5.9748,1.7904,2436602400,N/A,2436602400,404080000,0,404080000,179.698,3.3845,2.6113,191.6205,
600460.SH,Ê¿À¼Î¢,2009-06-04,2.2843,2.2729,2.2843,2.201,2.2464,5865251,34706693,-0.0379,-1.6584,5.9173,1.4515,2396194400,N/A,2396194400,404080000,0,404080000,176.7179,3.3284,2.568,188.4427,
600460.SH,Ê¿À¼Î¢,2009-06-05,2.2464,2.2464,2.2654,2.2047,2.2123,5445463,32045166,-0.0341,-1.5177,5.8847,1.3476,2359827200,N/A,2359827200,404080000,0,404080000,174.0359,3.2779,2.529,185.5827,
600460.SH,Ê¿À¼Î¢,2009-06-08,2.2123,2.2237,2.2654,2.1972,2.2464,4577974,27059325,0.0341,1.5411,5.9108,1.1329,2396194400,N/A,2396194400,404080000,0,404080000,176.7179,3.3284,2.568,188.4427,
600460.SH,Ê¿À¼Î¢,2009-06-09,2.2464,2.2502,2.254,2.1631,2.2237,5174150,30076520,-0.0227,-1.0118,5.8128,1.2805,2371949600,N/A,2371949600,404080000,0,404080000,174.9299,3.2947,2.542,186.536,
600460.SH,Ê¿À¼Î¢,2009-06-10,2.2237,2.2275,2.3108,2.2085,2.307,8581197,51494628,0.0833,3.7479,6.0009,2.1236,2460847200,N/A,2460847200,404080000,0,404080000,181.486,3.4182,2.6373,193.5271,
600460.SH,Ê¿À¼Î¢,2009-06-11,2.307,2.2995,2.3108,2.2351,2.2426,6004843,36053995,-0.0644,-2.7915,6.0042,1.4861,2392153600,N/A,2392153600,404080000,0,404080000,176.4199,3.3228,2.5637,188.1249,
600460.SH,Ê¿À¼Î¢,2009-06-12,2.2426,2.2426,2.2654,2.1328,2.1593,5970916,34488779,-0.0833,-3.7162,5.7761,1.4777,2303256000,N/A,2303256000,404080000,0,404080000,169.8638,3.1993,2.4684,181.1338,
600460.SH,Ê¿À¼Î¢,2009-06-15,2.1593,2.1593,2.182,2.1517,2.182,2508115,14333349,0.0227,1.0526,5.7148,0.6207,2327500800,N/A,2327500800,404080000,0,404080000,171.6518,3.233,2.4944,183.0404,
600460.SH,Ê¿À¼Î¢,2009-06-16,2.182,2.1669,2.2199,2.1593,2.201,2953146,17055625,0.0189,0.8681,5.7754,0.7308,2347704800,N/A,2347704800,404080000,0,404080000,173.1419,3.261,2.516,184.6293,
600460.SH,Ê¿À¼Î¢,2009-06-17,2.201,2.1972,2.2275,2.1744,2.2161,2605865,15195006,0.0152,0.6885,5.8311,0.6449,2363868000,N/A,2363868000,404080000,0,404080000,174.3339,3.2835,2.5334,185.9005,
600460.SH,Ê¿À¼Î¢,2009-06-18,2.2161,2.2313,2.2313,2.1934,2.2161,3341440,19494779,0,0,5.8342,0.8269,2363868000,N/A,2363868000,404080000,0,404080000,174.3339,3.2835,2.5334,185.9005,
600460.SH,Ê¿À¼Î¢,2009-06-19,2.2161,2.2085,2.2654,2.201,2.254,6580080,38873881,0.0379,1.7094,5.9078,1.6284,2404276000,N/A,2404276000,404080000,0,404080000,177.314,3.3396,2.5767,189.0782,
600460.SH,Ê¿À¼Î¢,2009-06-22,2.254,2.2729,2.2805,2.2237,2.2691,6157087,36667803,0.0152,0.6723,5.9554,1.5237,2420439200,N/A,2420439200,404080000,0,404080000,178.506,3.3621,2.594,190.3493,
600460.SH,Ê¿À¼Î¢,2009-06-23,2.2691,2.2654,2.2654,2.1972,2.2085,4582019,26903524,-0.0606,-2.6711,5.8715,1.1339,2355786400,N/A,2355786400,404080000,0,404080000,173.7379,3.2722,2.5247,185.2649,
600460.SH,Ê¿À¼Î¢,2009-06-24,2.2085,2.2085,2.2351,2.1858,2.2237,3415552,19908409,0.0152,0.6861,5.8288,0.8453,2371949600,N/A,2371949600,404080000,0,404080000,174.9299,3.2947,2.542,186.536,
600460.SH,Ê¿À¼Î¢,2009-06-25,2.2237,2.2351,2.2388,2.182,2.2085,4082717,23730010,-0.0152,-0.6814,5.8123,1.0104,2355786400,N/A,2355786400,404080000,0,404080000,173.7379,3.2722,2.5247,185.2649,
600460.SH,Ê¿À¼Î¢,2009-06-26,2.2085,2.2085,2.2388,2.1858,2.2313,5672405,33248171,0.0227,1.0292,5.8614,1.4038,2380031200,N/A,2380031200,404080000,0,404080000,175.5259,3.3059,2.5507,187.1716,
600460.SH,Ê¿À¼Î¢,2009-06-29,2.2313,2.2351,2.2616,2.2351,2.2426,6628303,39296858,0.0114,0.5093,5.9286,1.6403,2392153600,N/A,2392153600,404080000,0,404080000,176.4199,3.3228,2.5637,188.1249,
600460.SH,Ê¿À¼Î¢,2009-06-30,2.2426,2.2464,2.2578,2.1858,2.1896,3489122,20363536,-0.053,-2.3649,5.8363,0.8635,2335582400,N/A,2335582400,404080000,0,404080000,172.2478,3.2442,2.503,183.676,
600460.SH,Ê¿À¼Î¢,2009-07-01,2.1896,2.1782,2.2464,2.1707,2.2464,5632117,32948577,0.0568,2.5952,5.8501,1.3938,2396194400,N/A,2396194400,404080000,0,404080000,176.7179,3.3284,2.568,188.4427,
600460.SH,Ê¿À¼Î¢,2009-07-02,2.2464,2.2654,2.2957,2.2388,2.2729,9546171,57150397,0.0265,1.1804,5.9867,2.3624,2424480000,N/A,2424480000,404080000,0,404080000,178.804,3.3677,2.5983,190.6671,
600460.SH,Ê¿À¼Î¢,2009-07-03,2.2729,2.2654,2.2805,2.2161,2.2426,6299104,37309746,-0.0303,-1.3333,5.923,1.5589,2392153600,N/A,2392153600,404080000,0,404080000,176.4199,3.3228,2.5637,188.1249,
600460.SH,Ê¿À¼Î¢,2009-07-06,2.2426,2.2767,2.2957,2.2351,2.2654,6923176,41296680,0.0227,1.0135,5.965,1.7133,2416398400,N/A,2416398400,404080000,0,404080000,178.208,3.3564,2.5897,190.0316,
600460.SH,Ê¿À¼Î¢,2009-07-07,2.2654,2.2729,2.3411,2.2729,2.2881,10437889,63494646,0.0227,1.0033,6.0831,2.5831,2440643200,N/A,2440643200,404080000,0,404080000,179.996,3.3901,2.6156,191.9382,
600460.SH,Ê¿À¼Î¢,2009-07-08,2.2881,2.2729,2.2919,2.2275,2.2691,6123803,36452039,-0.0189,-0.8278,5.9525,1.5155,2420439200,N/A,2420439200,404080000,0,404080000,178.506,3.3621,2.594,190.3493,
600460.SH,Ê¿À¼Î¢,2009-07-09,2.2691,2.2654,2.3487,2.2502,2.3487,10815905,66006191,0.0796,3.5058,6.1027,2.6767,2505296000,N/A,2505296000,404080000,0,404080000,184.7641,3.4799,2.6849,197.0227,
600460.SH,Ê¿À¼Î¢,2009-07-10,2.3487,2.379,2.4586,2.3676,2.4017,20584126,131131037,0.053,2.2581,6.3705,5.0941,2561867200,N/A,2561867200,404080000,0,404080000,188.9362,3.5585,2.7456,201.4716,
600460.SH,Ê¿À¼Î¢,2009-07-13,2.4017,2.4093,2.4169,2.3639,2.379,7677263,48382293,-0.0227,-0.9464,6.302,1.8999,2537622400,N/A,2537622400,404080000,0,404080000,187.1482,3.5248,2.7196,199.5649,
600460.SH,Ê¿À¼Î¢,2009-07-14,2.379,2.3714,2.3942,2.3639,2.3866,6201017,38957399,0.0076,0.3185,6.2824,1.5346,2545704000,N/A,2545704000,404080000,0,404080000,187.7442,3.536,2.7282,200.2005,
600460.SH,Ê¿À¼Î¢,2009-07-15,2.3866,2.3866,2.4283,2.3866,2.4017,6734744,42832419,0.0152,0.6349,6.3599,1.6667,2561867200,N/A,2561867200,404080000,0,404080000,188.9362,3.5585,2.7456,201.4716,
600460.SH,Ê¿À¼Î¢,2009-07-16,2.4017,2.3979,2.5646,2.3866,2.5154,19547132,128568382,0.1136,4.7319,6.5774,4.8374,2683091200,N/A,2683091200,404080000,0,404080000,197.8764,3.7269,2.8755,211.005,
600460.SH,Ê¿À¼Î¢,2009-07-17,2.5154,2.5078,2.6214,2.5002,2.5457,14121457,95626055,0.0303,1.2048,6.7717,3.4947,2715417600,N/A,2715417600,404080000,0,404080000,200.2605,3.7718,2.9101,213.5472,
600460.SH,Ê¿À¼Î¢,2009-07-20,2.5457,2.576,2.5987,2.4964,2.5495,9460495,63336502,0.0038,0.1488,6.6948,2.3412,2719458400,N/A,2719458400,404080000,0,404080000,200.5585,3.7774,2.9144,213.865,
600460.SH,Ê¿À¼Î¢,2009-07-21,2.5495,2.5495,2.5911,2.3752,2.4169,13545065,89520745,-0.1326,-5.2006,6.6091,3.3521,2578030400,N/A,2578030400,404080000,0,404080000,190.1282,3.581,2.7629,202.7427,
600460.SH,Ê¿À¼Î¢,2009-07-22,2.4169,2.4396,2.4775,2.3866,2.4434,9620965,61483549,0.0265,1.0972,6.3906,2.381,2606316000,N/A,2606316000,404080000,0,404080000,192.2143,3.6202,2.7932,204.9672,
600460.SH,Ê¿À¼Î¢,2009-07-23,2.4434,2.432,2.4472,2.3904,2.4472,6518528,41718307,0.0038,0.155,6.4,1.6132,2610356800,N/A,2610356800,404080000,0,404080000,192.5123,3.6259,2.7975,205.2849,
600460.SH,Ê¿À¼Î¢,2009-07-24,2.4472,2.4472,2.4586,2.3563,2.3979,6175546,39260159,-0.0492,-2.0124,6.3574,1.5283,2557826400,N/A,2557826400,404080000,0,404080000,188.6382,3.5529,2.7412,201.1538,
600460.SH,Ê¿À¼Î¢,2009-07-27,2.3979,2.3904,2.4396,2.3904,2.4283,7547808,48090736,0.0303,1.2638,6.3715,1.8679,2590152800,N/A,2590152800,404080000,0,404080000,191.0223,3.5978,2.7759,203.696,
600460.SH,Ê¿À¼Î¢,2009-07-28,2.4283,2.4245,2.5608,2.4245,2.5381,13068226,86212278,0.1099,4.5242,6.5971,3.2341,2707336000,N/A,2707336000,404080000,0,404080000,199.6645,3.7606,2.9015,212.9116,
600460.SH,Ê¿À¼Î¢,2009-07-29,2.5381,2.5192,2.5343,2.2843,2.3601,10432559,67000704,-0.178,-7.0149,6.4223,2.5818,2517418400,N/A,2517418400,404080000,0,404080000,185.6581,3.4968,2.6979,197.976,
600460.SH,Ê¿À¼Î¢,2009-07-30,2.3601,2.3487,2.451,2.3487,2.4472,6684064,42344023,0.0871,3.6918,6.3351,1.6541,2610356800,N/A,2610356800,404080000,0,404080000,192.5123,3.6259,2.7975,205.2849,
600460.SH,Ê¿À¼Î¢,2009-07-31,2.4472,2.4548,2.5911,2.4472,2.557,14024754,93807106,0.1099,4.4892,6.6887,3.4708,2727540000,N/A,2727540000,404080000,0,404080000,201.1545,3.7886,2.9231,214.5005,
600460.SH,Ê¿À¼Î¢,2009-08-03,2.557,2.5684,2.6707,2.5419,2.6214,13279704,92072326,0.0644,2.5185,6.9333,3.2864,2796233600,N/A,2796233600,404080000,0,404080000,206.2206,3.884,2.9967,219.9028,
600460.SH,Ê¿À¼Î¢,2009-08-04,2.6214,2.629,2.6972,2.5457,2.6972,12193312,84515740,0.0758,2.8902,6.9313,3.0175,2877049600,N/A,2877049600,404080000,0,404080000,212.1807,3.9963,3.0833,226.2583,
600460.SH,Ê¿À¼Î¢,2009-08-05,2.6972,2.6858,2.773,2.6025,2.629,11442721,80868275,-0.0682,-2.5281,7.0672,2.8318,2804315200,N/A,2804315200,404080000,0,404080000,206.8166,3.8953,3.0054,220.5383,
600460.SH,Ê¿À¼Î¢,2009-08-06,2.629,2.6025,2.6404,2.5381,2.576,5165966,35260038,-0.053,-2.0173,6.8254,1.2785,2747744000,N/A,2747744000,404080000,0,404080000,202.6445,3.8167,2.9448,216.0894,
600460.SH,Ê¿À¼Î¢,2009-08-07,2.576,2.5684,2.6063,2.4623,2.4851,5996138,40293596,-0.0909,-3.5294,6.7199,1.4839,2650764800,N/A,2650764800,404080000,0,404080000,195.4924,3.682,2.8408,208.4627,
600460.SH,Ê¿À¼Î¢,2009-08-10,2.4851,2.5154,2.5608,2.4245,2.504,4194360,27684852,0.0189,0.7622,6.6005,1.038,2670968800,N/A,2670968800,404080000,0,404080000,196.9824,3.71,2.8625,210.0516,
600460.SH,Ê¿À¼Î¢,2009-08-11,2.504,2.5457,2.6139,2.5078,2.5911,5704139,38652102,0.0871,3.4796,6.7762,1.4116,2763907200,N/A,2763907200,404080000,0,404080000,203.8365,3.8391,2.9621,217.3605,
600460.SH,Ê¿À¼Î¢,2009-08-12,2.5911,2.5911,2.5911,2.4434,2.4623,5764309,38028347,-0.1288,-4.9708,6.5972,1.4265,2626520000,N/A,2626520000,404080000,0,404080000,193.7043,3.6483,2.8148,206.5561,
600460.SH,Ê¿À¼Î¢,2009-08-13,2.4623,2.4623,2.5267,2.4283,2.4737,3526355,23104812,0.0114,0.4615,6.552,0.8727,2638642400,N/A,2638642400,404080000,0,404080000,194.5983,3.6651,2.8278,207.5094,
600460.SH,Ê¿À¼Î¢,2009-08-14,2.4737,2.4661,2.4737,2.2729,2.307,4725920,29409398,-0.1667,-6.7381,6.223,1.1696,2460847200,N/A,2460847200,404080000,0,404080000,181.486,3.4182,2.6373,193.5271,
600460.SH,Ê¿À¼Î¢,2009-08-17,2.307,2.2729,2.3222,2.0797,2.0987,4455776,25899632,-0.2084,-9.0312,5.8126,1.1027,2238603200,N/A,2238603200,404080000,0,404080000,165.0957,3.1095,2.3991,176.0493,
600460.SH,Ê¿À¼Î¢,2009-08-18,2.0987,2.1138,2.1972,2.0646,2.1782,3083457,17351131,0.0796,3.7906,5.6272,0.7631,2323460000,N/A,2323460000,404080000,0,404080000,171.3538,3.2273,2.4901,182.7227,
600460.SH,Ê¿À¼Î¢,2009-08-19,2.1782,2.1631,2.1782,2.0115,2.0267,2486414,13674212,-0.1515,-6.9565,5.4996,0.6153,2161828000,N/A,2161828000,404080000,0,404080000,159.4336,3.0028,2.3168,170.0115,
600460.SH,Ê¿À¼Î¢,2009-08-20,2.0267,2.0343,2.0987,2.0153,2.0949,2154536,11768886,0.0682,3.3645,5.4624,0.5332,2234562400,N/A,2234562400,404080000,0,404080000,164.7977,3.1039,2.3948,175.7315,
600460.SH,Ê¿À¼Î¢,2009-08-21,2.0949,2.0835,2.1403,2.0722,2.1328,3472062,19366738,0.0379,1.8083,5.5779,0.8593,2274970400,N/A,2274970400,404080000,0,404080000,167.7777,3.16,2.4381,178.9093,
600460.SH,Ê¿À¼Î¢,2009-08-24,2.1328,2.129,2.2199,2.1214,2.1972,4118116,23688729,0.0644,3.0195,5.7523,1.0191,2343664000,N/A,2343664000,404080000,0,404080000,172.8439,3.2554,2.5117,184.3116,
600460.SH,Ê¿À¼Î¢,2009-08-25,2.1972,2.1972,2.1972,2.0381,2.1631,3821564,21383141,-0.0341,-1.5517,5.5954,0.9457,2307296800,N/A,2307296800,404080000,0,404080000,170.1618,3.2049,2.4727,181.4516,
600460.SH,Ê¿À¼Î¢,2009-08-26,2.1631,2.1593,2.254,2.129,2.2275,3879969,22650068,0.0644,2.9772,5.8377,0.9602,2375990400,N/A,2375990400,404080000,0,404080000,175.2279,3.3003,2.5464,186.8538,
600460.SH,Ê¿À¼Î¢,2009-08-27,2.2275,2.2275,2.451,2.1972,2.451,5305400,34026176,0.2235,10.034,6.4135,1.313,2614397600,N/A,2614397600,404080000,0,404080000,192.8103,3.6315,2.8019,205.6027,
600460.SH,Ê¿À¼Î¢,2009-08-28,2.451,2.523,2.6858,2.4245,2.4699,24965594,168738215,0.0189,0.7728,6.7588,6.1784,2634601600,N/A,2634601600,404080000,0,404080000,194.3003,3.6595,2.8235,207.1916,
600460.SH,Ê¿À¼Î¢,2009-08-31,2.4699,2.451,2.451,2.2237,2.2237,11289968,67561655,-0.2462,-9.9693,5.9842,2.794,2371949600,N/A,2371949600,404080000,0,404080000,174.9299,3.2947,2.542,186.536,
600460.SH,Ê¿À¼Î¢,2009-09-01,2.2237,2.1517,2.1972,2.0646,2.1138,5925942,33345399,-0.1099,-4.9404,5.627,1.4665,2254766400,N/A,2254766400,404080000,0,404080000,166.2877,3.1319,2.4164,177.3204,
600460.SH,Ê¿À¼Î¢,2009-09-02,2.1138,2.0797,2.129,2.0381,2.1138,3943263,21746604,0,0,5.5149,0.9759,2254766400,N/A,2254766400,404080000,0,404080000,166.2877,3.1319,2.4164,177.3204,
600460.SH,Ê¿À¼Î¢,2009-09-03,2.1138,2.1025,2.2351,2.0759,2.1972,6139801,35199958,0.0833,3.9427,5.7331,1.5195,2343664000,N/A,2343664000,404080000,0,404080000,172.8439,3.2554,2.5117,184.3116,
600460.SH,Ê¿À¼Î¢,2009-09-04,2.1972,2.2275,2.2578,2.1896,2.2388,5150953,30229380,0.0417,1.8966,5.8687,1.2747,2388112800,N/A,2388112800,404080000,0,404080000,176.1219,3.3172,2.5593,187.8071,
600460.SH,Ê¿À¼Î¢,2009-09-07,2.2388,2.3032,2.3032,2.2123,2.2767,6346225,37918545,0.0379,1.692,5.975,1.5705,2428520800,N/A,2428520800,404080000,0,404080000,179.102,3.3733,2.6026,190.9849,
600460.SH,Ê¿À¼Î¢,2009-09-08,2.2767,2.2578,2.3146,2.1972,2.2919,5788002,34630233,0.0152,0.6656,5.9831,1.4324,2444684000,N/A,2444684000,404080000,0,404080000,180.294,3.3957,2.62,192.256,
600460.SH,Ê¿À¼Î¢,2009-09-09,2.2919,2.3032,2.3032,2.2388,2.2767,4316003,25852589,-0.0152,-0.6612,5.9899,1.0681,2428520800,N/A,2428520800,404080000,0,404080000,179.102,3.3733,2.6026,190.9849,
600460.SH,Ê¿À¼Î¢,2009-09-10,2.2767,2.2616,2.2995,2.2047,2.2805,4091797,24417065,0.0038,0.1664,5.9673,1.0126,2432561600,N/A,2432561600,404080000,0,404080000,179.4,3.3789,2.607,191.3027,
600460.SH,Ê¿À¼Î¢,2009-09-11,2.2805,2.2616,2.3563,2.2578,2.3032,5549451,33984893,0.0227,0.9967,6.124,1.3734,2456806400,N/A,2456806400,404080000,0,404080000,181.188,3.4126,2.633,193.2094,
600460.SH,Ê¿À¼Î¢,2009-09-14,2.3032,2.307,2.3639,2.2995,2.3601,5697120,35120474,0.0568,2.4671,6.1646,1.4099,2517418400,N/A,2517418400,404080000,0,404080000,185.6581,3.4968,2.6979,197.976,
600460.SH,Ê¿À¼Î¢,2009-09-15,2.3601,2.3639,2.4396,2.3222,2.4017,7251214,45689838,0.0417,1.7657,6.301,1.7945,2561867200,N/A,2561867200,404080000,0,404080000,188.9362,3.5585,2.7456,201.4716,
600460.SH,Ê¿À¼Î¢,2009-09-16,2.4017,2.3866,2.6404,2.379,2.6404,22956748,156202366,0.2387,9.9369,6.8042,5.6812,2816437600,N/A,2816437600,404080000,0,404080000,207.7106,3.9121,3.0184,221.4917,
600460.SH,Ê¿À¼Î¢,2009-09-17,2.6404,2.7806,2.9056,2.7199,2.9056,32944435,245393200,0.2652,10.043,7.4487,8.1529,3099293600,N/A,3099293600,404080000,0,404080000,228.5711,4.305,3.3215,243.7361,
600460.SH,Ê¿À¼Î¢,2009-09-18,2.9056,2.9927,3.1518,2.8412,2.9056,47205892,370240138,0,0,7.8431,11.6823,3099293600,N/A,3099293600,404080000,0,404080000,228.5711,4.305,3.3215,243.7361,
600460.SH,Ê¿À¼Î¢,2009-09-21,2.9056,2.879,2.951,2.6896,2.7995,27257495,202955786,-0.1061,-3.6506,7.4459,6.7456,2986151200,N/A,2986151200,404080000,0,404080000,220.2269,4.1478,3.2003,234.8383,
600460.SH,Ê¿À¼Î¢,2009-09-22,2.7995,2.7351,2.7843,2.6366,2.6669,20300905,144752697,-0.1326,-4.7361,7.1304,5.024,2844723200,N/A,2844723200,404080000,0,404080000,209.7967,3.9514,3.0487,223.7161,
600460.SH,Ê¿À¼Î¢,2009-09-23,2.6669,2.6442,2.7843,2.5987,2.6707,19601053,139307509,0.0038,0.142,7.1071,4.8508,2848764000,N/A,2848764000,404080000,0,404080000,210.0947,3.957,3.053,224.0339,
600460.SH,Ê¿À¼Î¢,2009-09-24,2.6707,2.6139,2.6442,2.4623,2.5078,15657159,105047219,-0.1629,-6.0993,6.7092,3.8748,2675009600,N/A,2675009600,404080000,0,404080000,197.2804,3.7157,2.8668,210.3694,
600460.SH,Ê¿À¼Î¢,2009-09-25,2.5078,2.5154,2.5608,2.4283,2.4813,8761789,57565418,-0.0265,-1.0574,6.5701,2.1683,2646724000,N/A,2646724000,404080000,0,404080000,195.1944,3.6764,2.8365,208.1449,
600460.SH,Ê¿À¼Î¢,2009-09-28,2.4813,2.4851,2.5343,2.3487,2.3676,7016279,45600369,-0.1136,-4.5802,6.4992,1.7364,2525500000,N/A,2525500000,404080000,0,404080000,186.2542,3.508,2.7066,198.6116,
600460.SH,Ê¿À¼Î¢,2009-09-29,2.3676,2.4017,2.4169,2.2729,2.3449,6208844,38221736,-0.0227,-0.96,6.156,1.5365,2501255200,N/A,2501255200,404080000,0,404080000,184.4661,3.4743,2.6806,196.7049,
600460.SH,Ê¿À¼Î¢,2009-09-30,2.3449,2.3601,2.432,2.3032,2.326,6822796,42734248,-0.0189,-0.8078,6.2635,1.6885,2481051200,N/A,2481051200,404080000,0,404080000,182.9761,3.4462,2.6589,195.116,
600460.SH,Ê¿À¼Î¢,2009-10-09,2.326,2.3601,2.4813,2.3601,2.4661,8087991,52049992,0.1402,6.0261,6.4355,2.0016,2630560800,N/A,2630560800,404080000,0,404080000,194.0023,3.6539,2.8192,206.8738,
600460.SH,Ê¿À¼Î¢,2009-10-12,2.4661,2.4699,2.5722,2.4358,2.4851,10206657,67543226,0.0189,0.768,6.6176,2.5259,2650764800,N/A,2650764800,404080000,0,404080000,195.4924,3.682,2.8408,208.4627,
600460.SH,Ê¿À¼Î¢,2009-10-13,2.4851,2.4775,2.6669,2.4548,2.6366,13929662,95275017,0.1515,6.0976,6.8397,3.4473,2812396800,N/A,2812396800,404080000,0,404080000,207.4126,3.9065,3.014,221.1739,
600460.SH,Ê¿À¼Î¢,2009-10-14,2.6366,2.6442,2.6442,2.5646,2.6139,11756138,80584672,-0.0227,-0.8621,6.8547,2.9094,2788152000,N/A,2788152000,404080000,0,404080000,205.6246,3.8728,2.9881,219.2672,
600460.SH,Ê¿À¼Î¢,2009-10-15,2.6139,2.5949,2.6783,2.5836,2.6063,8340390,57869819,-0.0076,-0.2899,6.9385,2.064,2780070400,N/A,2780070400,404080000,0,404080000,205.0286,3.8616,2.9794,218.6316,
600460.SH,Ê¿À¼Î¢,2009-10-16,2.6063,2.5949,2.6442,2.4889,2.5911,7385576,50002092,-0.0152,-0.5814,6.7702,1.8278,2763907200,N/A,2763907200,404080000,0,404080000,203.8365,3.8391,2.9621,217.3605,
600460.SH,Ê¿À¼Î¢,2009-10-19,2.5911,2.5684,2.6518,2.557,2.648,8398178,58020380,0.0568,2.193,6.9087,2.0783,2824519200,N/A,2824519200,404080000,0,404080000,208.3066,3.9233,3.027,222.1272,
600460.SH,Ê¿À¼Î¢,2009-10-20,2.648,2.6555,2.6934,2.6063,2.6783,9826326,69056935,0.0303,1.1445,7.0277,2.4318,2856845600,N/A,2856845600,404080000,0,404080000,210.6907,3.9682,3.0617,224.6694,
600460.SH,Ê¿À¼Î¢,2009-10-21,2.6783,2.6783,2.6783,2.5949,2.5949,7617649,52740495,-0.0833,-3.1117,6.9235,1.8852,2767948000,N/A,2767948000,404080000,0,404080000,204.1346,3.8448,2.9664,217.6783,
600460.SH,Ê¿À¼Î¢,2009-10-22,2.5949,2.5836,2.6214,2.5305,2.5722,6824217,46302828,-0.0227,-0.8759,6.7851,1.6888,2743703200,N/A,2743703200,404080000,0,404080000,202.3465,3.8111,2.9404,215.7716,
600460.SH,Ê¿À¼Î¢,2009-10-23,2.5722,2.5949,2.7578,2.5722,2.754,15674470,110669574,0.1818,7.0692,7.0605,3.8791,2937661600,N/A,2937661600,404080000,0,404080000,216.6508,4.0805,3.1483,231.025,
600460.SH,Ê¿À¼Î¢,2009-10-26,2.754,2.7502,3.023,2.7086,2.9056,27681926,211194295,0.1515,5.5021,7.6293,6.8506,3099293600,N/A,3099293600,404080000,0,404080000,228.5711,4.305,3.3215,243.7361,
600460.SH,Ê¿À¼Î¢,2009-10-27,2.9056,2.8601,3.1366,2.8222,3.0041,25783517,205760811,0.0985,3.3898,7.9803,6.3808,3204354400,N/A,3204354400,404080000,0,404080000,236.3193,4.4509,3.4341,251.9984,
600460.SH,Ê¿À¼Î¢,2009-10-28,3.0041,2.9927,3.0798,2.9018,3.0382,15771078,124333790,0.0341,1.1349,7.8837,3.903,3240721600,N/A,3240721600,404080000,0,404080000,239.0013,4.5014,3.4731,254.8584,
600460.SH,Ê¿À¼Î¢,2009-10-29,3.0382,2.9548,3.1026,2.9359,3.0419,11760841,93594755,0.0038,0.1247,7.9582,2.9105,3244762400,N/A,3244762400,404080000,0,404080000,239.2993,4.5071,3.4774,255.1762,
600460.SH,Ê¿À¼Î¢,2009-10-30,3.0419,3.0647,3.1745,2.9321,2.9586,15401739,123541388,-0.0833,-2.7397,8.0213,3.8116,3155864800,N/A,3155864800,404080000,0,404080000,232.7432,4.3836,3.3821,248.185,
600460.SH,Ê¿À¼Î¢,2009-11-02,2.9586,2.8487,3.0457,2.8487,2.9965,14624619,114197754,0.0379,1.2804,7.8086,3.6192,3196272800,N/A,3196272800,404080000,0,404080000,235.7233,4.4397,3.4254,251.3628,
600460.SH,Ê¿À¼Î¢,2009-11-03,2.9965,3.0041,3.2238,3.0041,3.0836,15794912,130013137,0.0871,2.9077,8.2313,3.9089,3289211200,N/A,3289211200,404080000,0,404080000,242.5774,4.5688,3.5251,258.6717,
600460.SH,Ê¿À¼Î¢,2009-11-04,3.0836,3.1026,3.2238,3.0533,3.22,13185774,110051035,0.1364,4.4226,8.3462,3.2632,3434680000,N/A,3434680000,404080000,0,404080000,253.3056,4.7709,3.681,270.1118,
600460.SH,Ê¿À¼Î¢,2009-11-05,3.22,3.2238,3.2844,3.1215,3.1821,9664444,81521625,-0.0379,-1.1765,8.4352,2.3917,3394272000,N/A,3394272000,404080000,0,404080000,250.3256,4.7147,3.6376,266.934,
600460.SH,Ê¿À¼Î¢,2009-11-06,3.1821,3.2048,3.2162,3.1063,3.148,13384042,111276000,-0.0341,-1.0714,8.3141,3.3122,3357904800,N/A,3357904800,404080000,0,404080000,247.6435,4.6642,3.5987,264.074,
600460.SH,Ê¿À¼Î¢,2009-11-09,3.148,3.1745,3.4094,3.1291,3.398,18114703,156367842,0.25,7.9422,8.6321,4.4829,3624597600,N/A,3624597600,404080000,0,404080000,267.312,5.0347,3.8845,285.0474,
600460.SH,Ê¿À¼Î¢,2009-11-10,3.398,3.3677,3.5268,3.2958,3.417,16664987,150161517,0.0189,0.5574,9.0106,4.1242,3644801600,N/A,3644801600,404080000,0,404080000,268.802,5.0627,3.9061,286.6363,
600460.SH,Ê¿À¼Î¢,2009-11-11,3.417,3.3942,3.5079,3.3526,3.4283,9360796,85041858,0.0114,0.3326,9.0849,2.3166,3656924000,N/A,3656924000,404080000,0,404080000,269.696,5.0796,3.9191,287.5896,
600460.SH,Ê¿À¼Î¢,2009-11-12,3.4283,3.4283,3.4776,3.3526,3.3829,8862955,79712684,-0.0455,-1.326,8.9939,2.1934,3608434400,N/A,3608434400,404080000,0,404080000,266.1199,5.0122,3.8672,283.7762,
600460.SH,Ê¿À¼Î¢,2009-11-13,3.3829,3.3677,3.4056,3.2806,3.3942,8501465,75010197,0.0114,0.3359,8.8232,2.1039,3620556800,N/A,3620556800,404080000,0,404080000,267.014,5.029,3.8802,284.7296,
600460.SH,Ê¿À¼Î¢,2009-11-16,3.3942,3.3942,3.3942,3.3942,3.3942,N/A,N/A,0,0,N/A,N/A,3620556800,N/A,3620556800,404080000,0,404080000,267.014,5.029,3.8802,284.7296,
600460.SH,Ê¿À¼Î¢,2009-11-17,3.3942,3.5041,3.5041,3.3905,3.4094,10221978,92812495,0.0152,0.4464,9.0797,2.5297,3636720000,N/A,3636720000,404080000,0,404080000,268.206,5.0515,3.8975,286.0007,
600460.SH,Ê¿À¼Î¢,2009-11-18,3.4094,3.4473,3.4473,3.3185,3.345,8731223,77309484,-0.0644,-1.8889,8.8544,2.1608,3568026400,N/A,3568026400,404080000,0,404080000,263.1399,4.9561,3.8239,280.5984,
600460.SH,Ê¿À¼Î¢,2009-11-19,3.345,3.3412,3.5003,3.3412,3.4852,10763422,97653763,0.1402,4.1903,9.0727,2.6637,3717536000,N/A,3717536000,404080000,0,404080000,274.1661,5.1638,3.9841,292.3563,
600460.SH,Ê¿À¼Î¢,2009-11-20,3.4852,3.4852,3.4965,3.417,3.4473,6571880,59977590,-0.0379,-1.087,9.1264,1.6264,3677128000,N/A,3677128000,404080000,0,404080000,271.186,5.1076,3.9408,289.1785,
600460.SH,Ê¿À¼Î¢,2009-11-23,3.4473,3.4511,3.5647,3.4094,3.542,13984653,128893819,0.0947,2.7473,9.2168,3.4609,3778148000,N/A,3778148000,404080000,0,404080000,278.6362,5.2479,4.049,297.123,
600460.SH,Ê¿À¼Î¢,2009-11-24,3.542,3.5268,3.5382,3.1897,3.1897,16939701,151077110,-0.3523,-9.9465,8.9185,4.1922,3402353600,N/A,3402353600,404080000,0,404080000,250.9216,4.726,3.6463,267.5695,
600460.SH,Ê¿À¼Î¢,2009-11-25,3.1897,3.1783,3.3071,3.1556,3.2844,10766719,91935217,0.0947,2.9691,8.5388,2.6645,3503373600,N/A,3503373600,404080000,0,404080000,258.3718,4.8663,3.7546,275.514,
600460.SH,Ê¿À¼Î¢,2009-11-26,3.2844,3.2882,3.3147,3.0685,3.0836,13651646,113637060,-0.2008,-6.113,8.3241,3.3785,3289211200,N/A,3289211200,404080000,0,404080000,242.5774,4.5688,3.5251,258.6717,
600460.SH,Ê¿À¼Î¢,2009-11-27,3.0836,3.0685,3.1707,3.0344,3.0912,7642758,62726988,0.0076,0.2457,8.2074,1.8914,3297292800,N/A,3297292800,404080000,0,404080000,243.1734,4.58,3.5337,259.3073,
600460.SH,Ê¿À¼Î¢,2009-11-30,3.0912,3.1707,3.2314,3.1101,3.2124,5538452,46434299,0.1212,3.9216,8.384,1.3706,3426598400,N/A,3426598400,404080000,0,404080000,252.7096,4.7596,3.6723,269.4762,
600460.SH,Ê¿À¼Î¢,2009-12-01,3.2124,3.2124,3.3867,3.1745,3.345,9026007,78893886,0.1326,4.1274,8.7407,2.2337,3568026400,N/A,3568026400,404080000,0,404080000,263.1399,4.9561,3.8239,280.5984,
600460.SH,Ê¿À¼Î¢,2009-12-02,3.345,3.3526,3.4473,3.3261,3.3526,7948608,70785423,0.0076,0.2265,8.9054,1.9671,3576108000,N/A,3576108000,404080000,0,404080000,263.7359,4.9673,3.8325,281.234,
600460.SH,Ê¿À¼Î¢,2009-12-03,3.3526,3.3564,3.47,3.3033,3.4586,9355395,84190467,0.1061,3.1638,8.9991,2.3152,3689250400,N/A,3689250400,404080000,0,404080000,272.0801,5.1245,3.9538,290.1318,
600460.SH,Ê¿À¼Î¢,2009-12-04,3.4586,3.4435,3.4776,3.2276,3.3564,9187832,81907505,-0.1023,-2.9573,8.9148,2.2738,3580148800,N/A,3580148800,404080000,0,404080000,264.0339,4.9729,3.8369,281.5518,
600460.SH,Ê¿À¼Î¢,2009-12-07,3.3564,3.3602,3.6935,3.3602,3.6935,24385939,232211515,0.3372,10.0451,9.5224,6.0349,3939780000,N/A,3939780000,404080000,0,404080000,290.5565,5.4725,4.2223,309.8341,
600460.SH,Ê¿À¼Î¢,2009-12-08,3.6935,3.8034,3.9322,3.667,3.7731,31508149,314953134,0.0796,2.1538,9.9959,7.7975,4024636800,N/A,4024636800,404080000,0,404080000,296.8146,5.5903,4.3132,316.5074,
600460.SH,Ê¿À¼Î¢,2009-12-09,3.7731,3.6973,3.7428,3.5988,3.6784,12440025,120367512,-0.0947,-2.51,9.6758,3.0786,3923616800,N/A,3923616800,404080000,0,404080000,289.3645,5.45,4.2049,308.563,
600460.SH,Ê¿À¼Î¢,2009-12-10,3.6784,3.7049,3.8526,3.6291,3.7428,15948153,158181693,0.0644,1.7508,9.9185,3.9468,3992310400,N/A,3992310400,404080000,0,404080000,294.4306,5.5454,4.2786,313.9652,
600460.SH,Ê¿À¼Î¢,2009-12-11,3.7428,3.7049,3.845,3.6367,3.6594,11256806,110480343,-0.0833,-2.2267,9.8145,2.7858,3903412800,N/A,3903412800,404080000,0,404080000,287.8744,5.4219,4.1833,306.9741,
600460.SH,Ê¿À¼Î¢,2009-12-14,3.6594,3.667,3.7693,3.4776,3.6784,10830587,103399978,0.0189,0.5176,9.547,2.6803,3923616800,N/A,3923616800,404080000,0,404080000,289.3645,5.45,4.2049,308.563,
600460.SH,Ê¿À¼Î¢,2009-12-15,3.6784,3.6859,3.9738,3.614,3.9057,15626049,158582129,0.2273,6.1792,10.1486,3.8671,4166064800,N/A,4166064800,404080000,0,404080000,307.2448,5.7868,4.4648,327.6297,
600460.SH,Ê¿À¼Î¢,2009-12-16,3.9057,3.8678,3.9852,3.8261,3.845,9756097,100277589,-0.0606,-1.5519,10.2785,2.4144,4101412000,N/A,4101412000,404080000,0,404080000,302.4767,5.697,4.3955,322.5452,
600460.SH,Ê¿À¼Î¢,2009-12-17,3.845,3.8488,3.864,3.6556,3.667,6577026,64831168,-0.178,-4.6305,9.8572,1.6277,3911494400,N/A,3911494400,404080000,0,404080000,288.4704,5.4332,4.192,307.6096,
600460.SH,Ê¿À¼Î¢,2009-12-18,3.667,3.6632,3.7693,3.5647,3.6026,10511140,102169836,-0.0644,-1.7562,9.7201,2.6013,3842800800,N/A,3842800800,404080000,0,404080000,283.4043,5.3377,4.1183,302.2074,
600460.SH,Ê¿À¼Î¢,2009-12-21,3.6026,3.5912,3.8526,3.5647,3.8299,10231271,101308251,0.2273,6.3091,9.9018,2.532,4085248800,N/A,4085248800,404080000,0,404080000,301.2847,5.6745,4.3782,321.2741,
600460.SH,Ê¿À¼Î¢,2009-12-22,3.8299,3.8375,3.9852,3.811,3.8943,17388131,179356889,0.0644,1.6815,10.3149,4.3031,4153942400,N/A,4153942400,404080000,0,404080000,306.3508,5.7699,4.4518,326.6763,
600460.SH,Ê¿À¼Î¢,2009-12-23,3.8943,3.8375,4.1064,3.7693,4.0951,14647376,152879460,0.2008,5.1556,10.4373,3.6249,4368104800,N/A,4368104800,404080000,0,404080000,322.1452,6.0674,4.6813,343.5186,
600460.SH,Ê¿À¼Î¢,2009-12-24,4.0951,4.0496,4.383,3.989,4.2693,18736248,209330316,0.1743,4.2553,11.1725,4.6368,4553981600,N/A,4553981600,404080000,0,404080000,335.8535,6.3256,4.8805,358.1364,
600460.SH,Ê¿À¼Î¢,2009-12-25,4.2693,4.2693,4.2693,4.2693,4.2693,N/A,N/A,0,0,N/A,N/A,4553981600,N/A,4553981600,404080000,0,404080000,335.8535,6.3256,4.8805,358.1364,
600460.SH,Ê¿À¼Î¢,2009-12-28,4.2693,4.2693,4.2693,4.2693,4.2693,N/A,N/A,0,0,N/A,N/A,4553981600,N/A,4553981600,404080000,0,404080000,335.8535,6.3256,4.8805,358.1364,
600460.SH,Ê¿À¼Î¢,2009-12-29,4.2693,4.2693,4.2693,4.2693,4.2693,N/A,N/A,0,0,N/A,N/A,4553981600,N/A,4553981600,404080000,0,404080000,335.8535,6.3256,4.8805,358.1364,
600460.SH,Ê¿À¼Î¢,2009-12-30,4.2693,4.2693,4.2693,4.2693,4.2693,N/A,N/A,0,0,N/A,N/A,4553981600,N/A,4553981600,404080000,0,404080000,335.8535,6.3256,4.8805,358.1364,
600460.SH,Ê¿À¼Î¢,2009-12-31,4.2693,4.2693,4.2693,4.2693,4.2693,N/A,N/A,0,0,N/A,N/A,4553981600,N/A,4553981600,404080000,0,404080000,335.8535,6.3256,4.8805,358.1364,
600460.SH,Ê¿À¼Î¢,2010-01-04,4.2693,4.6974,4.6974,4.6974,4.6974,2247848,27873315,0.4281,10.0266,12.4,0.5563,5010592000,N/A,5010592000,404080000,0,404080000,65.391,6.176,5.2201,163.7389,
600460.SH,Ê¿À¼Î¢,2010-01-05,4.6974,5.1671,5.1671,5.0383,5.1671,32958686,448968464,0.4697,10,13.6222,8.1565,5511651200,N/A,5511651200,404080000,0,404080000,71.9301,6.7936,5.7421,180.1128,
600460.SH,Ê¿À¼Î¢,2010-01-06,5.1671,5.2543,5.6596,5.0611,5.5081,53374392,745064682,0.3409,6.5982,13.9592,13.2089,5875323200,N/A,5875323200,404080000,0,404080000,76.6763,7.2419,6.121,191.9971,
600460.SH,Ê¿À¼Î¢,2010-01-07,5.5081,5.5081,5.8339,5.3035,5.6028,37452819,550972263,0.0947,1.7194,14.7111,9.2687,5976343200,N/A,5976343200,404080000,0,404080000,77.9946,7.3664,6.2262,195.2983,
600460.SH,Ê¿À¼Î¢,2010-01-08,5.6028,5.5573,5.6823,5.3793,5.6596,19005167,277218994,0.0568,1.0142,14.5865,4.7033,6036955200,N/A,6036955200,404080000,0,404080000,78.7856,7.4411,6.2894,197.279,
600460.SH,Ê¿À¼Î¢,2010-01-11,5.6596,5.6066,6.0384,5.5119,5.7922,25230286,385477305,0.1326,2.3427,15.2784,6.2439,6178383200,N/A,6178383200,404080000,0,404080000,80.6314,7.6154,6.4367,201.9007,
600460.SH,Ê¿À¼Î¢,2010-01-12,5.7922,5.796,6.099,5.6445,5.7922,24711882,380550794,0,0,15.3995,6.1156,6178383200,N/A,6178383200,404080000,0,404080000,80.6314,7.6154,6.4367,201.9007,
600460.SH,Ê¿À¼Î¢,2010-01-13,5.7922,5.599,5.7581,5.5763,5.6141,19934637,297754843,-0.178,-3.0739,14.9366,4.9333,5988465600,N/A,5988465600,404080000,0,404080000,78.1528,7.3813,6.2389,195.6944,
600460.SH,Ê¿À¼Î¢,2010-01-14,5.6141,5.6179,5.8642,5.5308,5.8301,20078876,304971017,0.2159,3.8462,15.1886,4.969,6218791200,N/A,6218791200,404080000,0,404080000,81.1587,7.6652,6.4788,203.2212,
600460.SH,Ê¿À¼Î¢,2010-01-15,5.8301,5.796,5.8604,5.6066,5.7354,15611272,234727928,-0.0947,-1.6244,15.0358,3.8634,6117771200,N/A,6117771200,404080000,0,404080000,79.8403,7.5407,6.3736,199.92,
600460.SH,Ê¿À¼Î¢,2010-01-18,5.7354,5.7088,5.7354,5.5119,5.7202,16754915,248133341,-0.0152,-0.2642,14.8096,4.1464,6101608000,N/A,6101608000,404080000,0,404080000,79.6294,7.5208,6.3567,199.3918,
600460.SH,Ê¿À¼Î¢,2010-01-19,5.7202,5.7202,6.0346,5.6293,5.9968,26390785,408115865,0.2765,4.8344,15.4643,6.5311,6396586400,N/A,6396586400,404080000,0,404080000,83.479,7.8844,6.664,209.0313,
600460.SH,Ê¿À¼Î¢,2010-01-20,5.9968,5.9096,5.9664,5.3982,5.4247,26593852,395017172,-0.572,-9.5389,14.8537,6.5813,5786425600,N/A,5786425600,404080000,0,404080000,75.5161,7.1323,6.0284,189.0921,
600460.SH,Ê¿À¼Î¢,2010-01-21,5.4247,5.4247,5.4929,5.224,5.3452,14947793,210968805,-0.0796,-1.4665,14.1137,3.6992,5701568800,N/A,5701568800,404080000,0,404080000,74.4087,7.0277,5.94,186.3191,
600460.SH,Ê¿À¼Î¢,2010-01-22,5.3452,5.3452,5.5611,5.2581,5.4967,12463254,178376000,0.1515,2.8349,14.3122,3.0844,5863200800,N/A,5863200800,404080000,0,404080000,76.5181,7.2269,6.1084,191.601,
600460.SH,Ê¿À¼Î¢,2010-01-25,5.4967,5.4172,5.4778,5.2656,5.2694,5960501,84304825,-0.2273,-4.1351,14.1439,1.4751,5620752800,N/A,5620752800,404080000,0,404080000,73.354,6.9281,5.8558,183.6781,
600460.SH,Ê¿À¼Î¢,2010-01-26,5.2694,5.2467,5.3376,4.83,4.9777,10975213,144674542,-0.2917,-5.5356,13.1819,2.7161,5309611200,N/A,5309611200,404080000,0,404080000,69.2934,6.5446,5.5316,173.5105,
600460.SH,Ê¿À¼Î¢,2010-01-27,4.9777,4.9777,5.0649,4.8868,4.9512,7921045,104372390,-0.0265,-0.5327,13.1766,1.9603,5281325600,N/A,5281325600,404080000,0,404080000,68.9243,6.5097,5.5022,172.5861,
600460.SH,Ê¿À¼Î¢,2010-01-28,4.9512,4.9512,4.9512,4.9512,4.9512,N/A,N/A,0,0,N/A,N/A,5281325600,N/A,5281325600,404080000,0,404080000,68.9243,6.5097,5.5022,172.5861,
600460.SH,Ê¿À¼Î¢,2010-01-29,4.9512,5.0194,5.4399,5.0118,5.0952,11904723,162884262,0.144,2.9074,13.6823,2.9461,5434876000,N/A,5434876000,404080000,0,404080000,70.9282,6.699,5.6621,177.6039,
600460.SH,Ê¿À¼Î¢,2010-02-01,5.0952,5.0383,5.0383,4.7163,4.7542,12160563,154952768,-0.3409,-6.6914,12.7422,3.0094,5071204000,N/A,5071204000,404080000,0,404080000,66.1821,6.2507,5.2832,165.7197,
600460.SH,Ê¿À¼Î¢,2010-02-02,4.7542,4.7959,4.9436,4.7807,4.8148,8858375,113404629,0.0606,1.2749,12.802,2.1922,5135856800,N/A,5135856800,404080000,0,404080000,67.0258,6.3304,5.3506,167.8324,
600460.SH,Ê¿À¼Î¢,2010-02-03,4.8148,4.8186,4.8868,4.4966,4.811,10670469,132922736,-0.0038,-0.0787,12.4571,2.6407,5131816000,N/A,5131816000,404080000,0,404080000,66.9731,6.3254,5.3464,167.7004,
600460.SH,Ê¿À¼Î¢,2010-02-04,4.811,4.8035,5.1103,4.7088,4.902,12954956,168510695,0.0909,1.8898,13.0074,3.206,5228795200,N/A,5228795200,404080000,0,404080000,68.2387,6.445,5.4474,170.8695,
600460.SH,Ê¿À¼Î¢,2010-02-05,4.902,4.7353,5.1444,4.6898,5.0118,15032771,196969553,0.1099,2.2411,13.1027,3.7202,5345978400,N/A,5345978400,404080000,0,404080000,69.768,6.5894,5.5695,174.6989,
600460.SH,Ê¿À¼Î¢,2010-02-08,5.0118,5.0005,5.0345,4.7353,4.8148,9559454,122514604,-0.197,-3.9305,12.8161,2.3657,5135856800,N/A,5135856800,404080000,0,404080000,67.0258,6.3304,5.3506,167.8324,
600460.SH,Ê¿À¼Î¢,2010-02-09,4.8148,4.7807,4.8338,4.6481,4.7012,5166124,64474952,-0.1136,-2.3603,12.4803,1.2785,5014632800,N/A,5014632800,404080000,0,404080000,65.4438,6.181,5.2243,163.871,
600460.SH,Ê¿À¼Î¢,2010-02-10,4.7012,4.7201,4.8413,4.7088,4.811,4488632,56623627,0.1099,2.3368,12.6149,1.1108,5131816000,N/A,5131816000,404080000,0,404080000,66.9731,6.3254,5.3464,167.7004,
600460.SH,Ê¿À¼Î¢,2010-02-11,4.811,4.7807,4.8413,4.7239,4.7353,3599422,45394313,-0.0758,-1.5748,12.6116,0.8908,5051000000,N/A,5051000000,404080000,0,404080000,65.9184,6.2258,5.2622,165.0594,
600460.SH,Ê¿À¼Î¢,2010-02-12,4.7353,4.758,5.0156,4.7239,4.9512,6768766,87238525,0.2159,4.56,12.8884,1.6751,5281325600,N/A,5281325600,404080000,0,404080000,68.9243,6.5097,5.5022,172.5861,
600460.SH,Ê¿À¼Î¢,2010-02-22,4.9512,4.9436,5.152,4.8906,5.0308,8404805,112281158,0.0796,1.6067,13.3592,2.08,5366182400,N/A,5366182400,404080000,0,404080000,70.0317,6.6143,5.5906,175.3591,
600460.SH,Ê¿À¼Î¢,2010-02-23,5.0308,5.0156,5.2808,4.9285,5.2543,11680095,157892728,0.2235,4.4428,13.5181,2.8905,5604589600,N/A,5604589600,404080000,0,404080000,73.143,6.9082,5.8389,183.1499,
600460.SH,Ê¿À¼Î¢,2010-02-24,5.2543,5.2277,5.3528,5.1217,5.3452,9932409,138382829,0.0909,1.7304,13.9325,2.458,5701568800,N/A,5701568800,404080000,0,404080000,74.4087,7.0277,5.94,186.3191,
600460.SH,Ê¿À¼Î¢,2010-02-25,5.3452,5.3755,5.3982,5.2656,5.3528,8929332,125266908,0.0076,0.1417,14.0287,2.2098,5709650400,N/A,5709650400,404080000,0,404080000,74.5141,7.0377,5.9484,186.5832,
600460.SH,Ê¿À¼Î¢,2010-02-26,5.3528,5.3414,5.3414,5.2467,5.2656,6009519,83834804,-0.0871,-1.6277,13.9503,1.4872,5616712000,N/A,5616712000,404080000,0,404080000,73.3012,6.9231,5.8516,183.5461,
600460.SH,Ê¿À¼Î¢,2010-03-01,5.2656,5.2656,5.3414,5.2088,5.2997,7190651,100206590,0.0341,0.6475,13.9357,1.7795,5653079200,N/A,5653079200,404080000,0,404080000,73.7759,6.9679,5.8895,184.7345,
600460.SH,Ê¿À¼Î¢,2010-03-02,5.2997,5.2959,5.5232,5.2959,5.4475,11759091,168924077,0.1477,2.7877,14.3654,2.9101,5810670400,N/A,5810670400,404080000,0,404080000,75.8325,7.1622,6.0536,189.8844,
600460.SH,Ê¿À¼Î¢,2010-03-03,5.4475,5.4929,5.8717,5.4929,5.8339,18637191,282132606,0.3864,7.0932,15.1382,4.6123,6222832000,N/A,6222832000,404080000,0,404080000,81.2114,7.6702,6.483,203.3532,
600460.SH,Ê¿À¼Î¢,2010-03-04,5.8339,5.8339,5.8339,5.3187,5.3755,18678133,275125566,-0.4584,-7.8571,14.7298,4.6224,5733895200,N/A,5733895200,404080000,0,404080000,74.8305,7.0675,5.9736,187.3754,
600460.SH,Ê¿À¼Î¢,2010-03-05,5.3755,5.3982,5.474,5.2202,5.277,6470139,90864491,-0.0985,-1.8323,14.0437,1.6012,5628834400,N/A,5628834400,404080000,0,404080000,73.4594,6.938,5.8642,183.9422,
600460.SH,Ê¿À¼Î¢,2010-03-08,5.277,5.2694,5.4513,5.2656,5.349,5687095,80380641,0.072,1.364,14.1339,1.4074,5705609600,N/A,5705609600,404080000,0,404080000,74.4614,7.0327,5.9442,186.4511,
600460.SH,Ê¿À¼Î¢,2010-03-09,5.349,5.3338,5.3338,5.1974,5.2808,6439206,89467822,-0.0682,-1.2748,13.8942,1.5935,5632875200,N/A,5632875200,404080000,0,404080000,73.5122,6.943,5.8684,184.0743,
600460.SH,Ê¿À¼Î¢,2010-03-10,5.2808,5.2315,5.3338,5.0724,5.1217,6073027,82984643,-0.1591,-3.0129,13.6645,1.5029,5463161600,N/A,5463161600,404080000,0,404080000,71.2973,6.7338,5.6916,178.5283,
600460.SH,Ê¿À¼Î¢,2010-03-11,5.1217,5.1217,5.1937,5.0345,5.1293,5008549,67661528,0.0076,0.1479,13.5092,1.2395,5471243200,N/A,5471243200,404080000,0,404080000,71.4028,6.7438,5.7,178.7924,
600460.SH,Ê¿À¼Î¢,2010-03-12,5.1293,5.1482,5.2997,5.0686,5.08,6373841,87304447,-0.0492,-0.9601,13.6973,1.5774,5418712800,N/A,5418712800,404080000,0,404080000,70.7172,6.679,5.6453,177.0757,
600460.SH,Ê¿À¼Î¢,2010-03-15,5.08,5.08,5.1444,4.955,5.0042,4775247,63385316,-0.0758,-1.4914,13.2737,1.1818,5337896800,N/A,5337896800,404080000,0,404080000,69.6625,6.5794,5.5611,174.4348,
600460.SH,Ê¿À¼Î¢,2010-03-16,5.0042,4.9739,5.0686,4.9739,5.0535,2854954,37821766,0.0492,0.9841,13.2478,0.7065,5390427200,N/A,5390427200,404080000,0,404080000,70.3481,6.6442,5.6158,176.1514,
600460.SH,Ê¿À¼Î¢,2010-03-17,5.0535,5.08,5.3831,5.08,5.3035,12235555,170327253,0.25,4.9475,13.9207,3.028,5657120000,N/A,5657120000,404080000,0,404080000,73.8286,6.9729,5.8937,184.8665,
600460.SH,Ê¿À¼Î¢,2010-03-18,5.3035,5.3338,5.5422,5.3338,5.3831,12529099,179965172,0.0796,1.5,14.3638,3.1006,5741976800,N/A,5741976800,404080000,0,404080000,74.936,7.0775,5.9821,187.6395,
600460.SH,Ê¿À¼Î¢,2010-03-19,5.3831,5.3717,5.4816,5.3035,5.4399,7140567,102221175,0.0568,1.0556,14.3156,1.7671,5802588800,N/A,5802588800,404080000,0,404080000,75.727,7.1522,6.0452,189.6203,
600460.SH,Ê¿À¼Î¢,2010-03-22,5.4399,5.3982,5.5763,5.3528,5.5232,8457528,122974165,0.0833,1.532,14.5402,2.093,5891486400,N/A,5891486400,404080000,0,404080000,76.8872,7.2618,6.1378,192.5253,
600460.SH,Ê¿À¼Î¢,2010-03-23,5.5232,5.5308,5.6066,5.4588,5.4929,7818650,114319243,-0.0303,-0.5487,14.6214,1.9349,5859160000,N/A,5859160000,404080000,0,404080000,76.4653,7.2219,6.1041,191.4689,
600460.SH,Ê¿À¼Î¢,2010-03-24,5.4929,5.4475,5.4967,5.3717,5.4475,6430464,92169262,-0.0455,-0.8276,14.3332,1.5914,5810670400,N/A,5810670400,404080000,0,404080000,75.8325,7.1622,6.0536,189.8844,
600460.SH,Ê¿À¼Î¢,2010-03-25,5.4475,5.4816,5.5876,5.3906,5.3982,8795194,127528417,-0.0492,-0.904,14.4998,2.1766,5758140000,N/A,5758140000,404080000,0,404080000,75.147,7.0974,5.9989,188.1677,
600460.SH,Ê¿À¼Î¢,2010-03-26,5.3982,5.3603,5.4664,5.3073,5.4513,5055446,72232769,0.053,0.9825,14.2881,1.2511,5814711200,N/A,5814711200,404080000,0,404080000,75.8852,7.1671,6.0578,190.0164,
600460.SH,Ê¿À¼Î¢,2010-03-29,5.4513,5.4513,5.4853,5.3414,5.3793,6114857,86952468,-0.072,-1.3204,14.2199,1.5133,5737936000,N/A,5737936000,404080000,0,404080000,74.8833,7.0725,5.9779,187.5075,
600460.SH,Ê¿À¼Î¢,2010-03-30,5.3793,5.3755,5.4664,5.3452,5.4172,6386303,91397171,0.0379,0.7042,14.3114,1.5805,5778344000,N/A,5778344000,404080000,0,404080000,75.4106,7.1223,6.02,188.828,
600460.SH,Ê¿À¼Î¢,2010-03-31,5.4172,5.4513,5.7202,5.4209,5.6255,15439797,228393563,0.2084,3.8462,14.7925,3.821,6000588000,N/A,6000588000,404080000,0,404080000,78.311,7.3963,6.2515,196.0906,
600460.SH,Ê¿À¼Î¢,2010-04-01,5.6255,5.6255,5.7354,5.5308,5.6293,17906569,266446110,0.0038,0.0673,14.8798,4.4314,6004628800,N/A,6004628800,404080000,0,404080000,78.3638,7.4012,6.2557,196.2226,
600460.SH,Ê¿À¼Î¢,2010-04-02,5.6293,5.6293,5.7164,5.5611,5.7126,12375943,184602795,0.0833,1.4805,14.9163,3.0627,6093526400,N/A,6093526400,404080000,0,404080000,79.5239,7.5108,6.3483,199.1277,
600460.SH,Ê¿À¼Î¢,2010-04-06,5.7126,5.7846,5.8717,5.6331,5.7467,13199751,200433724,0.0341,0.5968,15.1847,3.2666,6129893600,N/A,6129893600,404080000,0,404080000,79.9985,7.5556,6.3862,200.3161,
600460.SH,Ê¿À¼Î¢,2010-04-07,5.7467,5.7467,5.9096,5.724,5.8945,15467993,238972660,0.1477,2.5709,15.4495,3.828,6287484800,N/A,6287484800,404080000,0,404080000,82.0552,7.7499,6.5504,205.466,
600460.SH,Ê¿À¼Î¢,2010-04-08,5.8945,5.8945,5.9399,5.7051,5.7202,12128376,186282860,-0.1743,-2.9563,15.3593,3.0015,6101608000,N/A,6101608000,404080000,0,404080000,79.6294,7.5208,6.3567,199.3918,
600460.SH,Ê¿À¼Î¢,2010-04-09,5.7202,5.7202,5.7884,5.7088,5.7657,11481216,174151338,0.0455,0.7947,15.1684,2.8413,6150097600,N/A,6150097600,404080000,0,404080000,80.2622,7.5805,6.4072,200.9763,
600460.SH,Ê¿À¼Î¢,2010-04-12,5.7657,5.7846,6.0574,5.7278,6.0043,17683108,275189241,0.2387,4.1393,15.5623,4.3761,6404668000,N/A,6404668000,404080000,0,404080000,83.5845,7.8943,6.6725,209.2953,
600460.SH,Ê¿À¼Î¢,2010-04-13,6.0043,6.0346,6.0877,5.5308,5.8111,15735011,242934787,-0.1932,-3.2177,15.4391,3.894,6198587200,N/A,6198587200,404080000,0,404080000,80.895,7.6403,6.4578,202.5609,
600460.SH,Ê¿À¼Î¢,2010-04-14,5.8111,5.7202,5.9437,5.6748,5.7732,8469579,130282461,-0.0379,-0.6519,15.3824,2.096,6158179200,N/A,6158179200,404080000,0,404080000,80.3677,7.5905,6.4157,201.2404,
600460.SH,Ê¿À¼Î¢,2010-04-15,5.7732,5.8945,5.9968,5.7543,5.7998,9798118,152279599,0.0265,0.4593,15.5417,2.4248,6186464800,N/A,6186464800,404080000,0,404080000,80.7368,7.6254,6.4451,202.1648,
600460.SH,Ê¿À¼Î¢,2010-04-16,5.7998,5.7354,5.9816,5.6445,5.9361,11135055,173110400,0.1364,2.3514,15.5464,2.7557,6331933600,N/A,6331933600,404080000,0,404080000,82.6353,7.8047,6.5967,206.9185,
600460.SH,Ê¿À¼Î¢,2010-04-19,5.9361,5.8604,6.0422,5.6861,5.724,13370495,208412152,-0.2121,-3.5737,15.5875,3.3089,6105648800,N/A,6105648800,404080000,0,404080000,79.6821,7.5258,6.3609,199.5238,
600460.SH,Ê¿À¼Î¢,2010-04-20,5.724,5.7619,5.9778,5.5687,5.9589,10605935,161624766,0.2349,4.1032,15.2391,2.6247,6356178400,N/A,6356178400,404080000,0,404080000,82.9517,7.8346,6.6219,207.7108,
600460.SH,Ê¿À¼Î¢,2010-04-21,5.9589,5.921,6.5157,5.8945,6.4172,22277484,369293315,0.4584,7.6923,16.577,5.5131,6845115200,N/A,6845115200,404080000,0,404080000,89.3326,8.4372,7.1313,223.6885,
600460.SH,Ê¿À¼Î¢,2010-04-22,6.4172,6.3907,6.6711,6.2733,6.3945,22184236,378062068,-0.0227,-0.3542,17.0419,5.4901,6820870400,N/A,6820870400,404080000,0,404080000,89.0162,8.4073,7.1061,222.8962,
600460.SH,Ê¿À¼Î¢,2010-04-23,6.3945,6.3945,6.3945,6.3945,6.3945,N/A,N/A,0,0,N/A,N/A,6820870400,N/A,6820870400,404080000,0,404080000,89.0162,8.4073,7.1061,222.8962,
600460.SH,Ê¿À¼Î¢,2010-04-26,6.3945,6.3642,6.7089,6.2884,6.5574,12243940,210429420,0.1629,2.5474,17.1864,3.0301,6994624800,N/A,6994624800,404080000,0,404080000,91.2838,8.6215,7.2871,228.5743,
600460.SH,Ê¿À¼Î¢,2010-04-27,6.5574,6.5726,6.5726,6.0612,6.2278,13193976,218081593,-0.3296,-5.026,16.5289,3.2652,6643075200,N/A,6643075200,404080000,0,404080000,86.6959,8.1882,6.9208,217.0862,
600460.SH,Ê¿À¼Î¢,2010-04-28,6.2278,6.1407,6.3794,6.099,6.2468,7646555,125913822,0.0189,0.3041,16.4667,1.8923,6663279200,N/A,6663279200,404080000,0,404080000,86.9595,8.2131,6.9419,217.7464,
600460.SH,Ê¿À¼Î¢,2010-04-29,6.2468,6.4021,6.7733,6.3074,6.3188,19819462,343080860,0.072,1.1522,17.3103,4.9048,6740054400,N/A,6740054400,404080000,0,404080000,87.9615,8.3077,7.0219,220.2553,
600460.SH,Ê¿À¼Î¢,2010-04-30,6.3188,6.2619,6.2884,5.8263,5.9399,12899660,203979373,-0.3788,-5.9952,15.8128,3.1924,6335974400,N/A,6335974400,404080000,0,404080000,82.688,7.8097,6.6009,207.0505,
600460.SH,Ê¿À¼Î¢,2010-05-04,5.9399,5.6899,6.099,5.6066,6.0119,6932593,109585326,0.072,1.2117,15.8073,1.7156,6412749600,N/A,6412749600,404080000,0,404080000,83.69,7.9043,6.6809,209.5594,
600460.SH,Ê¿À¼Î¢,2010-05-05,6.0119,5.8717,6.2809,5.8717,6.2506,12114721,197301581,0.2387,3.9698,16.2861,2.9981,6667320000,N/A,6667320000,404080000,0,404080000,87.0123,8.2181,6.9461,217.8784,
600460.SH,Ê¿À¼Î¢,2010-05-06,6.2506,6.2316,6.3604,6.1218,6.1445,11765668,193499004,-0.1061,-1.697,16.4461,2.9117,6554177600,N/A,6554177600,404080000,0,404080000,85.5357,8.0786,6.8282,214.1811,
600460.SH,Ê¿À¼Î¢,2010-05-07,6.1445,5.9816,6.4627,5.9096,6.368,19427212,324186955,0.2235,3.6375,16.6873,4.8078,6792584800,N/A,6792584800,404080000,0,404080000,88.647,8.3725,7.0766,221.9719,
600460.SH,Ê¿À¼Î¢,2010-05-10,6.368,6.3907,6.4476,5.7619,5.9134,14225572,226950736,-0.4546,-7.1386,15.9537,3.5205,6307688800,N/A,6307688800,404080000,0,404080000,82.3189,7.7748,6.5714,206.1262,
600460.SH,Ê¿À¼Î¢,2010-05-11,5.9134,6.0233,6.0801,5.6445,5.6785,10063141,154064711,-0.2349,-3.9718,15.3098,2.4904,6057159200,N/A,6057159200,404080000,0,404080000,79.0493,7.466,6.3104,197.9393,
600460.SH,Ê¿À¼Î¢,2010-05-12,5.6785,5.5611,5.6445,5.1103,5.1103,11744566,165168508,-0.5682,-10.0067,14.0634,2.9065,5451039200,N/A,5451039200,404080000,0,404080000,71.1391,6.7189,5.679,178.1321,
600460.SH,Ê¿À¼Î¢,2010-05-13,5.1103,5.0383,5.4399,5.0345,5.4285,7214031,99782769,0.3182,6.2268,13.8318,1.7853,5790466400,N/A,5790466400,404080000,0,404080000,75.5688,7.1373,6.0326,189.2241,
600460.SH,Ê¿À¼Î¢,2010-05-14,5.4285,5.3793,5.6066,5.3073,5.455,6910667,99923652,0.0265,0.4885,14.4593,1.7102,5818752000,N/A,5818752000,404080000,0,404080000,75.938,7.1721,6.062,190.1485,
600460.SH,Ê¿À¼Î¢,2010-05-17,5.455,5.3414,5.4361,5.0005,5.0232,6826786,93867262,-0.4319,-7.9167,13.7498,1.6895,5358100800,N/A,5358100800,404080000,0,404080000,69.9262,6.6043,5.5821,175.095,
600460.SH,Ê¿À¼Î¢,2010-05-18,5.0232,5.0497,5.3262,4.8338,5.224,10044044,135179069,0.2008,3.997,13.4586,2.4857,5572263200,N/A,5572263200,404080000,0,404080000,72.7212,6.8683,5.8053,182.0936,
600460.SH,Ê¿À¼Î¢,2010-05-19,5.224,5.1141,5.4891,5.1065,5.2846,10040007,141774457,0.0606,1.1603,14.121,2.4847,5636916000,N/A,5636916000,404080000,0,404080000,73.5649,6.948,5.8726,184.2063,
600460.SH,Ê¿À¼Î¢,2010-05-20,5.2846,5.3073,5.5801,5.3035,5.4247,11102831,159745573,0.1402,2.6523,14.3878,2.7477,5786425600,N/A,5786425600,404080000,0,404080000,75.5161,7.1323,6.0284,189.0921,
600460.SH,Ê¿À¼Î¢,2010-05-21,5.4247,5.2277,5.8263,5.1899,5.8111,15663737,232279507,0.3864,7.1229,14.8291,3.8764,6198587200,N/A,6198587200,404080000,0,404080000,80.895,7.6403,6.4578,202.5609,
600460.SH,Ê¿À¼Î¢,2010-05-24,5.8111,5.868,6.0384,5.796,5.9513,13628205,213133109,0.1402,2.412,15.6391,3.3727,6348096800,N/A,6348096800,404080000,0,404080000,82.8462,7.8246,6.6135,207.4467,
600460.SH,Ê¿À¼Î¢,2010-05-25,5.9513,5.9096,6.0801,5.796,5.9096,10485955,164277762,-0.0417,-0.7002,15.6665,2.595,6303648000,N/A,6303648000,404080000,0,404080000,82.2661,7.7698,6.5672,205.9942,
600460.SH,Ê¿À¼Î¢,2010-05-26,5.9096,5.8907,6.0536,5.7922,5.8376,8219131,127519793,-0.072,-1.2179,15.515,2.034,6226872800,N/A,6226872800,404080000,0,404080000,81.2642,7.6752,6.4872,203.4852,
600460.SH,Ê¿À¼Î¢,2010-05-27,5.8376,5.7657,5.9778,5.5346,5.921,14028127,213063916,0.0833,1.4276,15.1883,3.4716,6315770400,N/A,6315770400,404080000,0,404080000,82.4243,7.7847,6.5799,206.3903,
600460.SH,Ê¿À¼Î¢,2010-05-28,5.921,5.9854,6.0422,5.8036,5.8339,8124155,126707899,-0.0871,-1.4715,15.5964,2.0105,6222832000,N/A,6222832000,404080000,0,404080000,81.2114,7.6702,6.483,203.3532,
600460.SH,Ê¿À¼Î¢,2010-05-31,5.8339,5.8339,5.9361,5.6482,5.6596,6542438,99891092,-0.1743,-2.987,15.2682,1.6191,6036955200,N/A,6036955200,404080000,0,404080000,78.7856,7.4411,6.2894,197.279,
600460.SH,Ê¿À¼Î¢,2010-06-01,5.6596,5.5876,5.7013,5.2277,5.6823,10613273,152807461,0.0227,0.4016,14.3978,2.6265,6061200000,N/A,6061200000,404080000,0,404080000,79.1021,7.471,6.3146,198.0713,
600460.SH,Ê¿À¼Î¢,2010-06-02,5.6823,5.5687,5.7202,5.4588,5.7164,8473174,125260892,0.0341,0.6,14.7832,2.0969,6097567200,N/A,6097567200,404080000,0,404080000,79.5767,7.5158,6.3525,199.2597,
600460.SH,Ê¿À¼Î¢,2010-06-03,5.7164,5.7505,6.1445,5.7505,5.9058,19388918,304764494,0.1894,3.3135,15.7185,4.7983,6299607200,N/A,6299607200,404080000,0,404080000,82.2134,7.7648,6.563,205.8621,
600460.SH,Ê¿À¼Î¢,2010-06-04,5.9058,5.8642,6.0801,5.8149,6.0043,12663852,199689157,0.0985,1.6677,15.7684,3.134,6404668000,N/A,6404668000,404080000,0,404080000,83.5845,7.8943,6.6725,209.2953,
600460.SH,Ê¿À¼Î¢,2010-06-07,6.0043,5.8339,6.2657,5.7998,6.1937,16288560,263114085,0.1894,3.1546,16.1533,4.031,6606708000,N/A,6606708000,404080000,0,404080000,86.2212,8.1434,6.883,215.8977,
600460.SH,Ê¿À¼Î¢,2010-06-08,6.1937,6.2127,6.4021,6.1142,6.3983,18990213,314082071,0.2046,3.3028,16.5392,4.6996,6824911200,N/A,6824911200,404080000,0,404080000,89.0689,8.4123,7.1103,223.0283,
600460.SH,Ê¿À¼Î¢,2010-06-09,6.3983,6.3642,6.4968,6.3036,6.421,14763445,249643737,0.0227,0.3552,16.9096,3.6536,6849156000,N/A,6849156000,404080000,0,404080000,89.3853,8.4422,7.1355,223.8206,
600460.SH,Ê¿À¼Î¢,2010-06-10,6.421,6.4286,6.6938,6.368,6.4854,14636400,253758692,0.0644,1.0029,17.3375,3.6222,6917849600,N/A,6917849600,404080000,0,404080000,90.2818,8.5269,7.2071,226.0654,
600460.SH,Ê¿À¼Î¢,2010-06-11,6.4854,6.4741,6.5955,6.2236,6.2426,10698093,180838532,-0.2429,-3.7449,16.9038,2.6475,6647116000,N/A,6647116000,404080000,0,404080000,86.7486,8.1932,6.9251,217.2182,
600460.SH,Ê¿À¼Î¢,2010-06-17,6.2426,6.2426,6.3298,6.1856,6.2577,5166165,85165542,0.0152,0.2432,16.4853,1.2785,6663279200,N/A,6663279200,404080000,0,404080000,86.9595,8.2131,6.9419,217.7464,
600460.SH,Ê¿À¼Î¢,2010-06-18,6.2577,6.2122,6.2236,5.7682,5.8289,7550900,119581576,-0.4288,-6.8526,15.8367,1.8687,6206668800,N/A,6206668800,404080000,0,404080000,81.0005,7.6503,6.4662,202.825,
600460.SH,Ê¿À¼Î¢,2010-06-21,5.8289,5.7872,6.1211,5.6961,6.1135,6930403,109546665,0.2846,4.8828,15.8067,1.7151,6509728800,N/A,6509728800,404080000,0,404080000,84.9556,8.0238,6.7819,212.7286,
600460.SH,Ê¿À¼Î¢,2010-06-22,6.1135,6.1553,6.5386,6.1097,6.493,11568471,193112427,0.3795,6.2073,16.693,2.8629,6913808800,N/A,6913808800,404080000,0,404080000,90.2291,8.5219,7.2029,225.9333,
600460.SH,Ê¿À¼Î¢,2010-06-23,6.493,6.4209,6.5841,6.3754,6.5044,11063477,189042915,0.0114,0.1753,17.0871,2.7379,6925931200,N/A,6925931200,404080000,0,404080000,90.3873,8.5368,7.2155,226.3295,
600460.SH,Ê¿À¼Î¢,2010-06-24,6.5044,6.4892,6.5462,6.345,6.3982,4878902,82752165,-0.1063,-1.6336,16.9612,1.2074,6812788800,N/A,6812788800,404080000,0,404080000,88.9107,8.3974,7.0977,222.6321,
600460.SH,Ê¿À¼Î¢,2010-06-25,6.3982,6.5082,6.8308,6.5082,6.5613,15475836,270837193,0.1632,2.5504,17.5007,3.8299,6986543200,N/A,6986543200,404080000,0,404080000,91.1783,8.6115,7.2787,228.3102,
600460.SH,Ê¿À¼Î¢,2010-06-28,6.5613,6.4475,6.5234,6.2615,6.3678,8065141,135195662,-0.1935,-2.9497,16.763,1.9959,6780462400,N/A,6780462400,404080000,0,404080000,88.4888,8.3575,7.064,221.5758,
600460.SH,Ê¿À¼Î¢,2010-06-29,6.3678,6.364,6.4209,5.9883,6.0187,12926134,209257742,-0.3491,-5.4827,16.1887,3.1989,6408708800,N/A,6408708800,404080000,0,404080000,83.6372,7.8993,6.6767,209.4274,
600460.SH,Ê¿À¼Î¢,2010-06-30,6.0187,5.8783,6.1743,5.8745,6.087,8255090,131645050,0.0683,1.1349,15.9471,2.0429,6481443200,N/A,6481443200,404080000,0,404080000,84.5865,7.989,6.7524,211.8042,
600460.SH,Ê¿À¼Î¢,2010-07-01,6.087,6.068,6.216,6.0263,6.1097,6391638,103363260,0.0228,0.3741,16.1716,1.5818,6505688000,N/A,6505688000,404080000,0,404080000,84.9029,8.0188,6.7777,212.5965,
600460.SH,Ê¿À¼Î¢,2010-07-02,6.1097,6.1097,6.1097,5.5785,5.9162,9838641,150532956,-0.1935,-3.1677,15.3002,2.4348,6299607200,N/A,6299607200,404080000,0,404080000,82.2134,7.7648,6.563,205.8621,
600460.SH,Ê¿À¼Î¢,2010-07-05,5.9162,5.8403,6.068,5.6544,6.0035,6214758,96532293,0.0873,1.4753,15.5328,1.538,6392545600,N/A,6392545600,404080000,0,404080000,83.4263,7.8794,6.6598,208.8992,
600460.SH,Ê¿À¼Î¢,2010-07-06,6.0035,5.9276,6.1743,5.8099,6.0794,7596766,121137584,0.0759,1.2642,15.9459,1.88,6473361600,N/A,6473361600,404080000,0,404080000,84.481,7.979,6.744,211.5401,
600460.SH,Ê¿À¼Î¢,2010-07-07,6.0794,6.0718,6.1249,5.9693,6.0946,5642119,90011079,0.0152,0.2497,15.9534,1.3963,6489524800,N/A,6489524800,404080000,0,404080000,84.6919,7.9989,6.7609,212.0683,
600460.SH,Ê¿À¼Î¢,2010-07-08,6.0946,6.1287,6.1287,5.8631,5.8858,5294979,83301411,-0.2087,-3.4247,15.7322,1.3104,6267280800,N/A,6267280800,404080000,0,404080000,81.7915,7.725,6.5293,204.8057,
600460.SH,Ê¿À¼Î¢,2010-07-09,5.8858,5.8896,6.3336,5.7492,6.3071,11204130,179232977,0.4212,7.1567,15.997,2.7728,6715809600,N/A,6715809600,404080000,0,404080000,87.6451,8.2778,6.9966,219.463,
600460.SH,Ê¿À¼Î¢,2010-07-12,6.3071,6.2995,6.4475,6.2084,6.3754,9333842,155936376,0.0683,1.083,16.7066,2.3099,6788544000,N/A,6788544000,404080000,0,404080000,88.5943,8.3675,7.0724,221.8399,
600460.SH,Ê¿À¼Î¢,2010-07-13,6.3754,6.3185,6.679,6.2539,6.5537,14751404,252347341,0.1784,2.7976,17.1067,3.6506,6978461600,N/A,6978461600,404080000,0,404080000,91.0728,8.6016,7.2703,228.0461,
600460.SH,Ê¿À¼Î¢,2010-07-14,6.5537,6.531,6.6221,6.3754,6.5158,10833504,185479926,-0.0379,-0.579,17.121,2.681,6938053600,N/A,6938053600,404080000,0,404080000,90.5455,8.5518,7.2282,226.7256,
600460.SH,Ê¿À¼Î¢,2010-07-15,6.5158,6.4854,6.6828,6.2426,6.2881,11606277,198623291,-0.2277,-3.4945,17.1134,2.8723,6695605600,N/A,6695605600,404080000,0,404080000,87.3814,8.2529,6.9756,218.8028,
600460.SH,Ê¿À¼Î¢,2010-07-16,6.2881,6.2615,6.6714,6.0946,6.6562,11753297,197372975,0.3681,5.854,16.793,2.9087,7087563200,N/A,7087563200,404080000,0,404080000,92.4967,8.7361,7.3839,231.6114,
600460.SH,Ê¿À¼Î¢,2010-07-19,6.6562,6.6258,7.0129,6.5879,6.9181,20060975,360213035,0.2618,3.9339,17.9559,4.9646,7366378400,N/A,7366378400,404080000,0,404080000,96.1354,9.0797,7.6744,240.7227,
600460.SH,Ê¿À¼Î¢,2010-07-20,6.9181,6.9256,7.0205,6.8346,6.9522,13951036,254611171,0.0342,0.4937,18.2503,3.4525,7402745600,N/A,7402745600,404080000,0,404080000,96.61,9.1245,7.7123,241.9111,
600460.SH,Ê¿À¼Î¢,2010-07-21,6.9522,6.9484,7.2824,6.9067,6.9788,17798465,333687632,0.0266,0.3821,18.7481,4.4047,7431031200,N/A,7431031200,404080000,0,404080000,96.9791,9.1594,7.7417,242.8354,
600460.SH,Ê¿À¼Î¢,2010-07-22,6.9788,6.9864,7.0964,6.9067,7.085,10624954,196424717,0.1063,1.5226,18.4871,2.6294,7544173600,N/A,7544173600,404080000,0,404080000,98.4557,9.2989,7.8596,246.5327,
600460.SH,Ê¿À¼Î¢,2010-07-23,7.085,7.1154,7.1799,6.8422,6.9977,10649233,195806618,-0.0873,-1.2319,18.3869,2.6354,7451235200,N/A,7451235200,404080000,0,404080000,97.2428,9.1843,7.7628,243.4957,
600460.SH,Ê¿À¼Î¢,2010-07-26,6.9977,6.9977,7.3051,6.8649,7.2862,13133510,246705896,0.2884,4.1215,18.7845,3.2502,7758336000,N/A,7758336000,404080000,0,404080000,101.2506,9.5628,8.0827,253.5313,
600460.SH,Ê¿À¼Î¢,2010-07-27,7.2862,7.2862,7.4342,7.1571,7.2899,12225151,235680367,0.0038,0.0521,19.2783,3.0254,7762376800,N/A,7762376800,404080000,0,404080000,101.3034,9.5678,8.0869,253.6633,
600460.SH,Ê¿À¼Î¢,2010-07-28,7.2899,7.233,7.3886,7.1837,7.3583,10035641,193218520,0.0683,0.937,19.2532,2.4836,7835111200,N/A,7835111200,404080000,0,404080000,102.2526,9.6575,8.1627,256.0402,
600460.SH,Ê¿À¼Î¢,2010-07-29,7.3583,7.4,7.4949,7.2178,7.3089,12063142,233841297,-0.0493,-0.6704,19.3848,2.9853,7782580800,N/A,7782580800,404080000,0,404080000,101.567,9.5927,8.108,254.3235,
600460.SH,Ê¿À¼Î¢,2010-07-30,7.3089,7.3051,7.3583,7.1723,7.2786,8357345,159611529,-0.0304,-0.4154,19.0984,2.0682,7750254400,N/A,7750254400,404080000,0,404080000,101.1452,9.5529,8.0743,253.2672,
600460.SH,Ê¿À¼Î¢,2010-08-02,7.2786,7.3051,7.4379,7.2141,7.4114,10073090,194795616,0.1328,1.8248,19.3382,2.4928,7891682400,N/A,7891682400,404080000,0,404080000,102.9909,9.7272,8.2217,257.8888,
600460.SH,Ê¿À¼Î¢,2010-08-03,7.4114,7.4152,7.7112,7.381,7.4493,14934793,297458784,0.0379,0.512,19.9172,3.696,7932090400,N/A,7932090400,404080000,0,404080000,103.5182,9.777,8.2638,259.2093,
600460.SH,Ê¿À¼Î¢,2010-08-04,7.4493,7.3621,7.6618,7.3621,7.5897,11060427,218222909,0.1404,1.8849,19.7301,2.7372,8081600000,N/A,8081600000,404080000,0,404080000,105.4694,9.9613,8.4195,264.0951,
600460.SH,Ê¿À¼Î¢,2010-08-05,7.5897,7.6656,7.7036,7.5176,7.6011,8159666,163419406,0.0114,0.15,20.0277,2.0193,8093722400,N/A,8093722400,404080000,0,404080000,105.6276,9.9762,8.4321,264.4912,
600460.SH,Ê¿À¼Î¢,2010-08-06,7.6011,7.6049,8.3297,7.5518,8.159,13962591,293799105,0.5578,7.339,21.0419,3.4554,8687720000,N/A,8687720000,404080000,0,404080000,113.3796,10.7084,9.051,283.9022,
600460.SH,Ê¿À¼Î¢,2010-08-09,8.159,8.1969,8.3981,8.1021,8.3753,12133394,264866253,0.2163,2.6512,21.8295,3.0027,8918045600,N/A,8918045600,404080000,0,404080000,116.3855,10.9923,9.2909,291.4289,
600460.SH,Ê¿À¼Î¢,2010-08-10,8.3753,8.4322,8.4322,7.9616,7.973,12878480,276929274,-0.4023,-4.8029,21.5033,3.1871,8489720800,N/A,8489720800,404080000,0,404080000,110.7956,10.4643,8.8447,277.4319,
600460.SH,Ê¿À¼Î¢,2010-08-11,7.973,7.9654,8.4132,7.9313,8.0527,14488513,310866215,0.0797,0.9995,21.456,3.5856,8574577600,N/A,8574577600,404080000,0,404080000,111.903,10.5689,8.9331,280.2049,
600460.SH,Ê¿À¼Î¢,2010-08-12,8.0527,7.8971,8.0679,7.677,7.7339,13294857,275345062,-0.3188,-3.9585,20.7106,3.2902,8235150400,N/A,8235150400,404080000,0,404080000,107.4733,10.1506,8.5795,269.1129,
600460.SH,Ê¿À¼Î¢,2010-08-13,7.7339,7.7339,8.1021,7.6277,8.0489,10870140,226411170,0.315,4.0726,20.8287,2.6901,8570536800,N/A,8570536800,404080000,0,404080000,111.8503,10.5639,8.9289,280.0728,
600460.SH,Ê¿À¼Î¢,2010-08-16,8.0489,8.0641,8.269,7.9237,8.2197,8895102,190674902,0.1708,2.1216,21.4359,2.2013,8752372800,N/A,8752372800,404080000,0,404080000,114.2234,10.7881,9.1183,286.015,
600460.SH,Ê¿À¼Î¢,2010-08-17,8.2197,8.2197,8.5461,8.1666,8.3981,10018195,222042626,0.1784,2.1699,22.1639,2.4793,8942290400,N/A,8942290400,404080000,0,404080000,116.7019,11.0222,9.3162,292.2212,
600460.SH,Ê¿À¼Î¢,2010-08-18,8.3981,8.417,8.4739,8.1021,8.3032,8527462,185603671,-0.0949,-1.1297,21.7654,2.1103,8841270400,N/A,8841270400,404080000,0,404080000,115.3835,10.8977,9.2109,288.92,
600460.SH,Ê¿À¼Î¢,2010-08-19,8.3032,8.307,8.5764,8.2425,8.5005,9758898,217642977,0.1973,2.3766,22.302,2.4151,9051392000,N/A,9051392000,404080000,0,404080000,118.1257,11.1566,9.4299,295.7865,
600460.SH,Ê¿À¼Î¢,2010-08-20,8.5005,8.4056,8.7358,8.3715,8.5005,9713891,219783039,0,0,22.6256,2.404,9051392000,N/A,9051392000,404080000,0,404080000,118.1257,11.1566,9.4299,295.7865,
600460.SH,Ê¿À¼Î¢,2010-08-23,8.5005,8.4626,8.5612,8.2652,8.4284,7513974,166165798,-0.0721,-0.8482,22.1142,1.8595,8974616800,N/A,8974616800,404080000,0,404080000,117.1238,11.062,9.3499,293.2776,
600460.SH,Ê¿À¼Î¢,2010-08-24,8.4284,8.4284,8.4777,8.1628,8.3753,7160073,157031333,-0.0531,-0.6303,21.9315,1.7719,8918045600,N/A,8918045600,404080000,0,404080000,116.3855,10.9923,9.2909,291.4289,
600460.SH,Ê¿À¼Î¢,2010-08-25,8.3753,8.3032,8.4967,8.1855,8.1931,6356351,139355980,-0.1822,-2.1749,21.9239,1.573,8724087200,N/A,8724087200,404080000,0,404080000,113.8542,10.7532,9.0889,285.0906,
600460.SH,Ê¿À¼Î¢,2010-08-26,8.1931,8.1817,8.3146,8.0907,8.1931,5129220,110955000,0,0,21.6319,1.2694,8724087200,N/A,8724087200,404080000,0,404080000,113.8542,10.7532,9.0889,285.0906,
600460.SH,Ê¿À¼Î¢,2010-08-27,8.1931,8.1362,8.4626,8.1362,8.3753,5733782,126343444,0.1822,2.2233,22.0349,1.419,8918045600,N/A,8918045600,404080000,0,404080000,116.3855,10.9923,9.2909,291.4289,
600460.SH,Ê¿À¼Î¢,2010-08-30,8.3753,8.5005,8.8383,8.4056,8.8117,10445744,238885204,0.4364,5.2107,22.8691,2.5851,9382737600,N/A,9382737600,404080000,0,404080000,122.45,11.5651,9.7751,306.6144,
600460.SH,Ê¿À¼Î¢,2010-08-31,8.8117,8.8041,8.9255,8.7396,8.8155,6793474,157820205,0.0038,0.0431,23.2311,1.6812,9386778400,N/A,9386778400,404080000,0,404080000,122.5027,11.57,9.7793,306.7464,
600460.SH,Ê¿À¼Î¢,2010-09-01,8.8155,8.9787,9.6693,8.9179,9.176,13653294,332224163,0.3605,4.0895,24.3329,3.3789,9770654400,N/A,9770654400,404080000,0,404080000,127.5125,12.0432,10.1792,319.2909,
600460.SH,Ê¿À¼Î¢,2010-09-02,9.176,9.2785,9.6617,9.1798,9.2215,12057545,298470726,0.0455,0.4963,24.7539,2.9839,9819144000,N/A,9819144000,404080000,0,404080000,128.1453,12.103,10.2297,320.8755,
600460.SH,Ê¿À¼Î¢,2010-09-03,9.2215,9.1836,9.1988,8.88,9.0811,11734865,278645482,-0.1404,-1.5226,23.7451,2.9041,9669634400,N/A,9669634400,404080000,0,404080000,126.1941,11.9187,10.0739,315.9897,
600460.SH,Ê¿À¼Î¢,2010-09-06,9.0811,9.0925,9.3468,8.899,8.9369,7209174,171842661,-0.1442,-1.588,23.8367,1.7841,9516084000,N/A,9516084000,404080000,0,404080000,124.1902,11.7294,9.914,310.972,
600460.SH,Ê¿À¼Î¢,2010-09-07,8.9369,8.9179,9.305,8.9179,9.2974,9098844,219529451,0.3605,4.034,24.1272,2.2517,9899960000,N/A,9899960000,404080000,0,404080000,129.2,12.2026,10.3139,323.5164,
600460.SH,Ê¿À¼Î¢,2010-09-08,9.2974,9.2936,9.4113,9.1381,9.2936,6869131,167189181,-0.0038,-0.0408,24.3392,1.6999,9895919200,N/A,9895919200,404080000,0,404080000,129.1473,12.1976,10.3097,323.3844,
600460.SH,Ê¿À¼Î¢,2010-09-09,9.2936,9.3961,9.5403,8.9938,9.0432,8691666,210462899,-0.2505,-2.695,24.2143,2.151,9629226400,N/A,9629226400,404080000,0,404080000,125.6668,11.8689,10.0319,314.6693,
600460.SH,Ê¿À¼Î¢,2010-09-10,9.0432,9.0394,9.1912,8.8041,9.176,9168169,217849002,0.1328,1.4687,23.7615,2.2689,9770654400,N/A,9770654400,404080000,0,404080000,127.5125,12.0432,10.1792,319.2909,
600460.SH,Ê¿À¼Î¢,2010-09-13,9.176,9.1646,9.3354,9.1153,9.2861,7903956,192616066,0.1101,1.1993,24.3696,1.956,9887837600,N/A,9887837600,404080000,0,404080000,129.0418,12.1876,10.3013,323.1203,
600460.SH,Ê¿À¼Î¢,2010-09-14,9.2861,9.3392,9.4151,9.0659,9.3278,8499426,206887151,0.0417,0.4495,24.3413,2.1034,9932286400,N/A,10669686400,404080000,0,434080000,139.2454,13.1513,11.1158,348.67,
600460.SH,Ê¿À¼Î¢,2010-09-15,9.3278,9.3468,9.4682,9.1836,9.2102,8553411,210538505,-0.1176,-1.2612,24.6146,2.1168,9807021600,N/A,10535121600,404080000,0,434080000,137.4892,12.9855,10.9756,344.2726,
600460.SH,Ê¿À¼Î¢,2010-09-16,9.2102,9.2139,9.3506,8.6827,8.8534,8268694,194391619,-0.3567,-3.8731,23.5093,2.0463,9427186400,N/A,10127086400,404080000,0,434080000,132.1642,12.4825,10.5505,330.9386,
600460.SH,Ê¿À¼Î¢,2010-09-17,8.8534,8.8421,8.9369,8.5043,8.6144,7074162,161932109,-0.2391,-2.7004,22.8906,1.7507,9172616000,N/A,9853616000,404080000,0,434080000,128.5952,12.1455,10.2656,322.002,
600460.SH,Ê¿À¼Î¢,2010-09-20,8.6144,8.6219,8.8952,8.5764,8.584,5274667,121100355,-0.0304,-0.3524,22.9589,1.3054,9140289600,N/A,9818889600,404080000,0,434080000,128.142,12.1027,10.2294,320.8672,
600460.SH,Ê¿À¼Î¢,2010-09-21,8.584,8.6182,8.6789,8.2121,8.3222,5059634,111843982,-0.2618,-3.0504,22.1052,1.2521,8861474400,N/A,9519374400,404080000,0,434080000,124.2332,11.7335,9.9174,311.0795,
600460.SH,Ê¿À¼Î¢,2010-09-27,8.3222,8.3108,8.6447,8.3108,8.6409,4402424,98819450,0.3188,3.8304,22.4466,1.0895,9200901600,N/A,9884001600,404080000,0,434080000,128.9918,12.1829,10.2973,322.995,
600460.SH,Ê¿À¼Î¢,2010-09-28,8.6409,8.6409,8.713,8.3222,8.4056,5522047,123722742,-0.2353,-2.7229,22.4052,1.3666,8950372000,N/A,9614872000,404080000,0,434080000,125.4795,11.8512,10.0169,314.2002,
600460.SH,Ê¿À¼Î¢,2010-09-29,8.4056,8.3487,8.5385,8.3297,8.5157,5461934,121668204,0.1101,1.3093,22.2757,1.3517,9067555200,N/A,9740755200,404080000,0,434080000,127.1223,12.0063,10.148,318.3139,
600460.SH,Ê¿À¼Î¢,2010-09-30,8.5157,8.4436,9.2519,8.4436,9.0849,11203335,264270570,0.5692,6.6845,23.5886,2.7726,9673675200,N/A,10391875200,404080000,0,434080000,135.6198,12.8089,10.8264,339.5916,
600460.SH,Ê¿À¼Î¢,2010-10-08,9.0849,9.1267,9.4151,8.9217,9.2519,12452177,300008982,0.167,1.8379,24.0929,3.0816,9851470400,N/A,10582870400,404080000,0,434080000,138.1124,13.0443,11.0254,345.833,
600460.SH,Ê¿À¼Î¢,2010-10-11,9.2519,9.2481,9.3278,8.8724,9.0318,13236331,317007513,-0.2201,-2.379,23.9498,3.2757,9617104000,N/A,10331104000,404080000,0,434080000,134.8267,12.734,10.7631,337.6056,
600460.SH,Ê¿À¼Î¢,2010-10-12,9.0318,8.9938,9.1836,8.88,8.9255,7997826,189616320,-0.1063,-1.1765,23.7085,1.9793,9503961600,N/A,10209561600,404080000,0,434080000,133.2405,12.5842,10.6365,333.6338,
600460.SH,Ê¿À¼Î¢,2010-10-13,8.9255,8.9179,9.0849,8.6144,9.0394,9571269,222876484,0.1138,1.2755,23.286,2.3687,9625185600,N/A,10339785600,404080000,0,434080000,134.94,12.7447,10.7721,337.8893,
600460.SH,Ê¿À¼Î¢,2010-10-14,9.0394,8.9938,9.047,8.3184,8.3563,14605890,330259205,-0.6831,-7.5567,22.6114,3.6146,8897841600,N/A,9558441600,404080000,0,434080000,124.743,11.7816,9.9581,312.3561,
600460.SH,Ê¿À¼Î¢,2010-10-15,8.3563,8.3297,8.5385,8.0755,8.1552,13205048,289895677,-0.2011,-2.4069,21.9534,3.2679,8683679200,N/A,9328379200,404080000,0,434080000,121.7406,11.4981,9.7184,304.838,
600460.SH,Ê¿À¼Î¢,2010-10-18,8.1552,8.159,8.1931,7.6277,7.6656,12487709,254109956,-0.4895,-6.0028,20.3488,3.0904,8162416000,N/A,8768416000,404080000,0,434080000,114.4327,10.8079,9.135,286.5392,
600460.SH,Ê¿À¼Î¢,2010-10-19,7.6656,7.7833,8.3032,7.7302,8.2197,10137530,216262390,0.5541,7.2277,21.3328,2.5088,8752372800,N/A,9402172800,404080000,0,434080000,122.7036,11.589,9.7953,307.2495,
600460.SH,Ê¿À¼Î¢,2010-10-20,8.2197,8.011,8.5233,8.0072,8.3108,9471191,208083102,0.0911,1.108,21.9701,2.3439,8849352000,N/A,9506352000,404080000,0,434080000,124.0632,11.7174,9.9038,310.6539,
600460.SH,Ê¿À¼Î¢,2010-10-21,8.3108,8.2652,8.4588,8.1666,8.3639,6012781,131512079,0.0531,0.6393,21.8721,1.488,8905923200,N/A,9567123200,404080000,0,434080000,124.8563,11.7923,9.9672,312.6398,
600460.SH,Ê¿À¼Î¢,2010-10-22,8.3639,8.3601,8.7548,8.2349,8.7016,10024530,225769645,0.3377,4.0381,22.5217,2.4808,9265554400,N/A,9953454400,404080000,0,434080000,129.8982,12.2685,10.3696,325.2646,
600460.SH,Ê¿À¼Î¢,2010-10-25,8.7016,8.7662,8.8421,8.6371,8.7699,9930952,228516226,0.0683,0.785,23.0105,2.4577,9338288800,N/A,10031588800,404080000,0,434080000,130.9179,12.3648,10.451,327.8179,
600460.SH,Ê¿À¼Î¢,2010-10-26,8.7699,8.8003,9.028,8.7092,8.9787,11707543,274177690,0.2087,2.3799,23.4189,2.8973,9560532800,N/A,10270332800,404080000,0,434080000,134.0336,12.6591,10.6998,335.6197,
600460.SH,Ê¿À¼Î¢,2010-10-27,8.9787,8.9179,9.2557,8.732,8.7699,10310266,244940474,-0.2087,-2.3246,23.757,2.5515,9338288800,N/A,10031588800,404080000,0,434080000,130.9179,12.3648,10.451,327.8179,
600460.SH,Ê¿À¼Î¢,2010-10-28,8.7699,8.7396,9.0546,8.5992,8.9597,10766136,250476342,0.1897,2.1636,23.2652,2.6644,9540328800,N/A,10248628800,404080000,0,434080000,133.7503,12.6323,10.6772,334.9105,
600460.SH,Ê¿À¼Î¢,2010-10-29,8.9597,8.9217,9.1684,8.8838,9.0128,8076147,192300907,0.0531,0.593,23.811,1.9987,9596900000,N/A,10309400000,404080000,0,434080000,134.5434,12.7073,10.7405,336.8964,
600460.SH,Ê¿À¼Î¢,2010-11-01,9.0128,9.1077,9.7376,8.6978,9.6883,19955101,489443229,0.6755,7.4947,24.5272,4.9384,10316162400,N/A,11082062400,404080000,0,434080000,144.6271,13.6596,11.5454,362.1459,
600460.SH,Ê¿À¼Î¢,2010-11-02,9.6883,9.6845,9.6959,9.2747,9.2785,11363703,284378899,-0.4098,-4.2303,25.0252,2.8122,9879756000,N/A,10613256000,404080000,0,434080000,138.5089,13.0818,11.057,346.826,
600460.SH,Ê¿À¼Î¢,2010-11-03,9.2785,9.2595,9.3923,8.8117,8.8269,8783560,209208348,-0.4516,-4.8671,23.8182,2.1737,9398900800,N/A,10096700800,404080000,0,434080000,131.7676,12.4451,10.5189,329.9456,
600460.SH,Ê¿À¼Î¢,2010-11-04,8.8269,8.8041,9.0622,8.8041,9.009,5929585,139861331,0.1822,2.0636,23.587,1.4674,9592859200,N/A,10305059200,404080000,0,434080000,134.4868,12.7019,10.7359,336.7545,
600460.SH,Ê¿À¼Î¢,2010-11-05,9.009,9.176,9.1836,8.8421,9.0014,6974894,164625620,-0.0076,-0.0842,23.6026,1.7261,9584777600,N/A,10296377600,404080000,0,434080000,134.3735,12.6912,10.7269,336.4708,
600460.SH,Ê¿À¼Î¢,2010-11-08,9.0014,9.0811,9.3733,8.9179,9.3582,10577601,258034322,0.3567,3.9629,24.3944,2.6177,9964612800,N/A,10704412800,404080000,0,434080000,139.6986,13.1941,11.152,349.8048,
600460.SH,Ê¿À¼Î¢,2010-11-09,9.3582,9.3733,9.4037,9.0622,9.1608,7593038,183241759,-0.1973,-2.1087,24.1329,1.8791,9754491200,N/A,10478691200,404080000,0,434080000,136.7528,12.9159,10.9168,342.4286,
600460.SH,Ê¿À¼Î¢,2010-11-10,9.1608,9.1456,9.4303,9.0697,9.343,8655921,212671624,0.1822,1.9884,24.5695,2.1421,9948449600,N/A,10687049600,404080000,0,434080000,139.472,13.1727,11.1339,349.2374,
600460.SH,Ê¿À¼Î¢,2010-11-11,9.343,9.2405,9.4075,9.0887,9.1077,9825758,239629019,-0.2353,-2.5183,24.3878,2.4316,9697920000,N/A,10417920000,404080000,0,434080000,135.9597,12.841,10.8535,340.4427,
600460.SH,Ê¿À¼Î¢,2010-11-12,9.1077,9.0318,9.0508,8.1969,8.2045,13011288,294845988,-0.9032,-9.9167,22.6608,3.22,8736209600,N/A,9384809600,404080000,0,434080000,122.477,11.5676,9.7772,306.6821,
600460.SH,Ê¿À¼Î¢,2010-11-15,8.2045,8.2007,8.5271,8.1742,8.4626,6321086,139267187,0.2581,3.1452,22.0322,1.5643,9010984000,N/A,9679984000,404080000,0,434080000,126.3292,11.9314,10.0847,316.3279,
600460.SH,Ê¿À¼Î¢,2010-11-16,8.4626,8.4626,8.4853,7.8971,8.0224,6340847,136996997,-0.4402,-5.2018,21.6055,1.5692,8542251200,N/A,9176451200,404080000,0,434080000,119.7578,11.3108,9.5601,299.8732,
600460.SH,Ê¿À¼Î¢,2010-11-17,8.0224,7.9692,8.1514,7.8364,7.9237,6640700,138770326,-0.0987,-1.2299,20.8969,1.6434,8437190400,N/A,9063590400,404080000,0,434080000,118.2849,11.1717,9.4426,296.1851,
600460.SH,Ê¿À¼Î¢,2010-11-18,7.9237,8.0034,8.1172,7.9313,8.0186,5108162,107672798,0.0949,1.1973,21.0786,1.2641,8538210400,N/A,9172110400,404080000,0,434080000,119.7012,11.3054,9.5556,299.7314,
600460.SH,Ê¿À¼Î¢,2010-11-19,8.0186,8.0641,8.5726,8.0375,8.455,10724112,236930249,0.4364,5.4425,22.0932,2.654,9002902400,N/A,9671302400,404080000,0,434080000,126.2159,11.9207,10.0757,316.0443,
600460.SH,Ê¿À¼Î¢,2010-11-22,8.455,8.4094,9.3012,8.4094,9.1988,22556120,540366795,0.7438,8.7971,23.9565,5.5821,9794899200,N/A,10522099200,404080000,0,434080000,137.3193,12.9694,10.9621,343.8471,
600460.SH,Ê¿À¼Î¢,2010-11-23,9.1988,9.0622,9.6162,9.0318,9.5934,25173293,619829848,0.3947,4.2904,24.6225,6.2298,10215142400,N/A,10973542400,404080000,0,434080000,143.2109,13.5259,11.4324,358.5996,
600460.SH,Ê¿À¼Î¢,2010-11-24,9.5934,9.5441,9.8287,9.2898,9.6162,16767749,420920068,0.0228,0.2373,25.103,4.1496,10239387200,N/A,10999587200,404080000,0,434080000,143.5508,13.558,11.4595,359.4507,
600460.SH,Ê¿À¼Î¢,2010-11-25,9.6162,9.5896,9.5896,9.2595,9.3733,12008667,297229416,-0.2429,-2.5257,24.7512,2.9719,9980776000,N/A,10721776000,404080000,0,434080000,139.9252,13.2155,11.1701,350.3722,
600460.SH,Ê¿À¼Î¢,2010-11-26,9.3733,9.324,9.5137,9.1456,9.3506,6834553,168473140,-0.0228,-0.2429,24.6502,1.6914,9956531200,N/A,10695731200,404080000,0,434080000,139.5853,13.1834,11.1429,349.5211,
600460.SH,Ê¿À¼Î¢,2010-11-29,9.3506,9.3733,9.5631,9.0925,9.4606,15279221,379799793,0.1101,1.1769,24.8573,3.7812,10073714400,N/A,10821614400,404080000,0,434080000,141.2281,13.3386,11.2741,353.6348,
600460.SH,Ê¿À¼Î¢,2010-11-30,9.4606,9.3733,9.4492,8.5233,8.8724,15124588,357778879,-0.5882,-6.2174,23.6554,3.743,9447390400,N/A,10148790400,404080000,0,434080000,132.4474,12.5093,10.5731,331.6479,
600460.SH,Ê¿À¼Î¢,2010-12-01,8.8724,8.8914,9.0318,8.6978,8.7396,5672744,131824801,-0.1328,-1.497,23.2383,1.4039,9305962400,N/A,9996862400,404080000,0,434080000,130.4647,12.322,10.4149,326.6831,
600460.SH,Ê¿À¼Î¢,2010-12-02,8.7396,8.8648,9.0432,8.7358,8.7927,7429434,173789644,0.0531,0.6079,23.392,1.8386,9362533600,N/A,10057633600,404080000,0,434080000,131.2578,12.3969,10.4782,328.669,
600460.SH,Ê¿À¼Î¢,2010-12-03,8.7927,8.7927,8.8041,8.565,8.6865,4176424,95080835,-0.1063,-1.2085,22.7661,1.0336,9249391200,N/A,9936091200,404080000,0,434080000,129.6716,12.2471,10.3515,324.6972,
600460.SH,Ê¿À¼Î¢,2010-12-06,8.6865,8.7092,8.8155,8.4056,8.5347,5044623,114068234,-0.1518,-1.7475,22.6118,1.2484,9087759200,N/A,9762459200,404080000,0,434080000,127.4056,12.0331,10.1707,319.0231,
600460.SH,Ê¿À¼Î¢,2010-12-07,8.5347,8.5233,8.8383,8.4246,8.8193,7605112,174598623,0.2846,3.3348,22.9581,1.8821,9390819200,N/A,10088019200,404080000,0,434080000,131.6543,12.4344,10.5098,329.662,
600460.SH,Ê¿À¼Î¢,2010-12-08,8.8193,8.8231,8.9559,8.7168,8.7396,4321870,100456534,-0.0797,-0.9036,23.2438,1.0696,9305962400,N/A,9996862400,404080000,0,434080000,130.4647,12.322,10.4149,326.6831,
600460.SH,Ê¿À¼Î¢,2010-12-09,8.7396,8.6523,8.7206,8.4626,8.584,2933833,66335000,-0.1556,-1.7803,22.6104,0.7261,9140289600,N/A,9818889600,404080000,0,434080000,128.142,12.1027,10.2294,320.8672,
600460.SH,Ê¿À¼Î¢,2010-12-10,8.584,8.5081,8.899,8.5081,8.8345,4462151,102976781,0.2505,2.9178,23.0778,1.1043,9406982400,N/A,10105382400,404080000,0,434080000,131.8809,12.4558,10.5279,330.2294,
600460.SH,Ê¿À¼Î¢,2010-12-13,8.8345,8.9597,9.2785,8.861,9.176,8549282,205425192,0.3415,3.866,24.0284,2.1157,9770654400,N/A,10496054400,404080000,0,434080000,136.9794,12.9373,10.9349,342.996,
600460.SH,Ê¿À¼Î¢,2010-12-14,9.176,9.2139,9.3164,9.1267,9.2443,7047369,171425217,0.0683,0.7444,24.3247,1.7441,9843388800,N/A,10574188800,404080000,0,434080000,137.9991,13.0336,11.0163,345.5493,
600460.SH,Ê¿À¼Î¢,2010-12-15,9.2443,9.3657,9.3657,9.1153,9.1798,5125282,124551363,-0.0645,-0.6979,24.3014,1.2684,9774695200,N/A,10500395200,404080000,0,434080000,137.036,12.9427,10.9394,343.1378,
600460.SH,Ê¿À¼Î¢,2010-12-16,9.1798,9.1191,9.3847,9.1191,9.1608,5846032,142442518,-0.019,-0.2067,24.3657,1.4468,9754491200,N/A,10478691200,404080000,0,434080000,136.7528,12.9159,10.9168,342.4286,
600460.SH,Ê¿À¼Î¢,2010-12-17,9.1608,9.157,9.3088,8.9938,9.2936,5995426,144821671,0.1328,1.4499,24.1554,1.4837,9895919200,N/A,10630619200,404080000,0,434080000,138.7355,13.1032,11.0751,347.3933,
600460.SH,Ê¿À¼Î¢,2010-12-20,9.2936,9.3354,9.4113,8.8079,9.0735,6452875,155003427,-0.2201,-2.3683,24.0208,1.5969,9661552800,N/A,10378852800,404080000,0,434080000,135.4498,12.7929,10.8128,339.166,
600460.SH,Ê¿À¼Î¢,2010-12-21,9.0735,9.1001,9.2823,8.9179,9.2329,5770600,138523593,0.1594,1.7566,24.0051,1.4281,9831266400,N/A,10561166400,404080000,0,434080000,137.8291,13.0176,11.0028,345.1237,
600460.SH,Ê¿À¼Î¢,2010-12-22,9.2329,9.2026,9.2557,8.8838,8.9407,5748193,136549334,-0.2922,-3.1648,23.7552,1.4225,9520124800,N/A,10226924800,404080000,0,434080000,133.4671,12.6056,10.6545,334.2012,
600460.SH,Ê¿À¼Î¢,2010-12-23,8.9407,8.8648,8.9863,8.6144,8.6637,4202958,97432564,-0.277,-3.0985,23.1819,1.0401,9225146400,N/A,9910046400,404080000,0,434080000,129.3317,12.215,10.3244,323.8461,
600460.SH,Ê¿À¼Î¢,2010-12-24,8.6637,8.6523,8.7016,8.3639,8.4664,3576475,80294045,-0.1973,-2.2777,22.4506,0.8851,9015024800,N/A,9684324800,404080000,0,434080000,126.3859,11.9368,10.0893,316.4698,
600460.SH,Ê¿À¼Î¢,2010-12-27,8.4664,8.5461,8.7851,8.1779,8.3259,5009009,112546824,-0.1404,-1.6584,22.4689,1.2396,8865515200,N/A,9523715200,404080000,0,434080000,124.2898,11.7388,9.9219,311.2213,
600460.SH,Ê¿À¼Î¢,2010-12-28,8.3259,8.2007,8.4474,8.2007,8.2918,2950124,64784660,-0.0342,-0.4102,21.96,0.7301,8829148000,N/A,9484648000,404080000,0,434080000,123.78,11.6907,9.8812,309.9447,
600460.SH,Ê¿À¼Î¢,2010-12-29,8.2918,8.3297,8.5347,8.3297,8.5309,2607323,57988009,0.2391,2.8833,22.2404,0.6452,9083718400,N/A,9758118400,404080000,0,434080000,127.3489,12.0277,10.1661,318.8813,
600460.SH,Ê¿À¼Î¢,2010-12-30,8.5309,8.5309,8.6219,8.4626,8.5309,2268464,51069417,0,0,22.5128,0.5614,9083718400,N/A,9758118400,404080000,0,434080000,127.3489,12.0277,10.1661,318.8813,
600460.SH,Ê¿À¼Î¢,2010-12-31,8.5309,8.6523,8.713,8.5385,8.6865,3218294,73229114,0.1556,1.8238,22.754,0.7964,9249391200,N/A,9936091200,404080000,0,434080000,129.6716,12.2471,10.3515,324.6972,
600460.SH,Ê¿À¼Î¢,2011-01-04,8.6865,8.7851,8.9825,8.6713,8.7016,5116233,118210019,0.0152,0.1747,23.1049,1.2661,9265554400,N/A,9953454400,404080000,0,434080000,38.9022,6.0007,6.5534,21.9298,
600460.SH,Ê¿À¼Î¢,2011-01-05,8.7016,8.6182,8.7016,8.5423,8.5954,3686707,83668237,-0.1063,-1.2211,22.6946,0.9124,9152412000,N/A,9831912000,404080000,0,434080000,38.4271,5.9274,6.4734,21.662,
600460.SH,Ê¿À¼Î¢,2011-01-06,8.5954,8.584,8.6675,8.3867,8.4094,3810956,84988504,-0.1859,-2.1634,22.3011,0.9431,8954412800,N/A,9619212800,404080000,0,434080000,37.5958,5.7992,6.3333,21.1934,
600460.SH,Ê¿À¼Î¢,2011-01-07,8.4094,8.3753,8.5271,8.3487,8.4208,2963649,65968319,0.0114,0.1354,22.2592,0.7334,8966535200,N/A,9632235200,404080000,0,434080000,37.6467,5.807,6.3419,21.2221,
600460.SH,Ê¿À¼Î¢,2011-01-10,8.4208,8.4398,8.5005,8.0755,8.1172,3907967,85096715,-0.3036,-3.6052,21.7752,0.9671,8643271200,N/A,9284971200,404080000,0,434080000,36.2895,5.5977,6.1133,20.457,
600460.SH,Ê¿À¼Î¢,2011-01-11,8.1172,8.0413,8.1172,7.8174,7.9958,5079443,106340596,-0.1214,-1.496,20.9355,1.257,8513965600,N/A,9146065600,404080000,0,434080000,35.7466,5.5139,6.0218,20.1509,
600460.SH,Ê¿À¼Î¢,2011-01-12,7.9958,8.0148,8.14,7.9541,8.1324,2495909,52915339,0.1366,1.7086,21.2008,0.6177,8659434400,N/A,9302334400,404080000,0,434080000,36.3573,5.6081,6.1247,20.4952,
600460.SH,Ê¿À¼Î¢,2011-01-13,8.1324,8.2728,8.3032,8.0489,8.0679,2879293,62120584,-0.0645,-0.7933,21.5749,0.7126,8590740800,N/A,9228540800,404080000,0,434080000,36.0689,5.5636,6.0761,20.3326,
600460.SH,Ê¿À¼Î¢,2011-01-14,8.0679,8.0072,8.0072,7.7795,7.8174,3039261,62893954,-0.2505,-3.1044,20.6938,0.7521,8324048000,N/A,8942048000,404080000,0,434080000,34.9492,5.3909,5.8875,19.7014,
600460.SH,Ê¿À¼Î¢,2011-01-17,7.8174,7.7719,7.7795,7.4,7.4304,3197495,63784869,-0.3871,-4.9515,19.9484,0.7913,7911886400,N/A,8499286400,404080000,0,434080000,33.2187,5.124,5.596,18.7259,
600460.SH,Ê¿À¼Î¢,2011-01-18,7.4304,7.4683,7.5404,7.381,7.4569,1749274,34421062,0.0266,0.3575,19.6773,0.4329,7940172000,N/A,8529672000,404080000,0,434080000,33.3374,5.1423,5.616,18.7929,
600460.SH,Ê¿À¼Î¢,2011-01-19,7.4569,7.567,7.7112,7.4569,7.7036,3523547,70372899,0.2467,3.3079,19.9722,0.872,8202824000,N/A,8811824000,404080000,0,434080000,34.4402,5.3124,5.8017,19.4145,
600460.SH,Ê¿À¼Î¢,2011-01-20,7.7036,7.6656,7.7605,7.3545,7.3621,3530914,70436727,-0.3415,-4.4335,19.9486,0.8738,7839152000,N/A,8421152000,404080000,0,434080000,32.9133,5.0769,5.5445,18.5538,
600460.SH,Ê¿À¼Î¢,2011-01-21,7.3621,7.4,7.5708,7.1723,7.4076,3636408,70658194,0.0455,0.6186,19.4308,0.8999,7887641600,N/A,8473241600,404080000,0,434080000,33.1169,5.1083,5.5788,18.6685,
600460.SH,Ê¿À¼Î¢,2011-01-24,7.4076,7.4228,7.4759,6.937,6.9712,3367380,64076994,-0.4364,-5.8914,19.0287,0.8333,7422949600,N/A,7974049600,404080000,0,434080000,31.1658,4.8073,5.2501,17.5687,
600460.SH,Ê¿À¼Î¢,2011-01-25,6.9712,6.9484,7.0395,6.7169,6.8156,3255597,59131460,-0.1556,-2.2319,18.163,0.8057,7257276800,N/A,7796076800,404080000,0,434080000,30.4702,4.7,5.133,17.1766,
600460.SH,Ê¿À¼Î¢,2011-01-26,6.8156,6.8156,7.0547,6.8156,7.0091,2589289,47545349,0.1935,2.8396,18.3623,0.6408,7463357600,N/A,8017457600,404080000,0,434080000,31.3355,4.8335,5.2787,17.6643,
600460.SH,Ê¿À¼Î¢,2011-01-27,7.0091,6.9484,7.2103,6.808,7.1571,3542169,66248786,0.148,2.1115,18.7029,0.8766,7620948800,N/A,8186748800,404080000,0,434080000,31.9972,4.9356,5.3902,18.0373,
600460.SH,Ê¿À¼Î¢,2011-01-28,7.1571,7.2103,7.5138,7.2103,7.4114,4343778,84121516,0.2543,3.5525,19.366,1.075,7891682400,N/A,8477582400,404080000,0,434080000,33.1339,5.1109,5.5817,18.6781,
600460.SH,Ê¿À¼Î¢,2011-01-31,7.4114,7.3924,7.4797,7.3165,7.3962,3423877,66783210,-0.0152,-0.2048,19.5051,0.8473,7875519200,N/A,8460219200,404080000,0,434080000,33.066,5.1004,5.5702,18.6398,
600460.SH,Ê¿À¼Î¢,2011-02-01,7.3962,7.3962,7.6277,7.3545,7.5556,4249795,84187109,0.1594,2.155,19.8097,1.0517,8045232800,N/A,8642532800,404080000,0,434080000,33.7785,5.2103,5.6903,19.0415,
600460.SH,Ê¿À¼Î¢,2011-02-09,7.5556,7.4455,7.6277,7.3924,7.4266,2108277,41627575,-0.129,-1.7077,19.7448,0.5217,7907845600,N/A,8494945600,404080000,0,434080000,33.2017,5.1214,5.5931,18.7164,
600460.SH,Ê¿À¼Î¢,2011-02-10,7.4266,7.5708,7.6353,7.5138,7.6201,4423308,88423641,0.1935,2.606,19.9904,1.0947,8113926400,N/A,8716326400,404080000,0,434080000,34.067,5.2548,5.7389,19.2041,
600460.SH,Ê¿À¼Î¢,2011-02-11,7.6201,7.7036,7.7795,7.6353,7.6694,4152662,84291985,0.0493,0.6474,20.2983,1.0277,8166456800,N/A,8772756800,404080000,0,434080000,34.2875,5.2889,5.776,19.3284,
600460.SH,Ê¿À¼Î¢,2011-02-14,7.6694,7.6315,7.9654,7.6315,7.9085,5596133,115734982,0.2391,3.1173,20.6812,1.3849,8421027200,N/A,9046227200,404080000,0,434080000,35.3563,5.4537,5.9561,19.931,
600460.SH,Ê¿À¼Î¢,2011-02-15,7.9085,7.9313,7.9692,7.8402,7.863,3197315,66563349,-0.0455,-0.5758,20.8185,0.7913,8372537600,N/A,8994137600,404080000,0,434080000,35.1528,5.4223,5.9218,19.8162,
600460.SH,Ê¿À¼Î¢,2011-02-16,7.863,7.8782,8.0831,7.8023,8.0337,4938681,103880432,0.1708,2.1718,21.034,1.2222,8554373600,N/A,9189473600,404080000,0,434080000,35.9162,5.5401,6.0504,20.2466,
600460.SH,Ê¿À¼Î¢,2011-02-17,8.0337,8.0337,8.1058,7.8288,7.8933,5822529,121620149,-0.1404,-1.7478,20.8879,1.4409,8404864000,N/A,9028864000,404080000,0,434080000,35.2885,5.4433,5.9446,19.8927,
600460.SH,Ê¿À¼Î¢,2011-02-18,7.8933,7.8933,7.8933,7.7339,7.7719,3582721,73601009,-0.1214,-1.5385,20.5433,0.8866,8275558400,N/A,8889958400,404080000,0,434080000,34.7456,5.3595,5.8532,19.5867,
600460.SH,Ê¿À¼Î¢,2011-02-21,7.7719,7.7112,8.4322,7.7112,8.4246,7918569,169998734,0.6527,8.3984,21.4684,1.9597,8970576000,N/A,9636576000,404080000,0,434080000,37.6637,5.8096,6.3447,21.2316,
600460.SH,Ê¿À¼Î¢,2011-02-22,8.4246,8.4246,8.4929,8.0831,8.269,6158116,134029577,-0.1556,-1.8468,21.7647,1.524,8804903200,N/A,9458603200,404080000,0,434080000,36.9681,5.7023,6.2276,20.8395,
600460.SH,Ê¿À¼Î¢,2011-02-23,8.269,8.2311,8.4132,8.159,8.2766,3459560,75372836,0.0076,0.0918,21.7868,0.8562,8812984800,N/A,9467284800,404080000,0,434080000,37.002,5.7076,6.2333,20.8586,
600460.SH,Ê¿À¼Î¢,2011-02-24,8.2766,8.2804,8.2918,8.1552,8.2652,3435906,74542907,-0.0114,-0.1376,21.6953,0.8503,8800862400,N/A,9454262400,404080000,0,434080000,36.9511,5.6997,6.2247,20.83,
600460.SH,Ê¿À¼Î¢,2011-02-25,8.2652,8.2273,8.3867,8.0907,8.3108,3128714,67882296,0.0455,0.551,21.6965,0.7743,8849352000,N/A,9506352000,404080000,0,434080000,37.1547,5.7311,6.259,20.9447,
600460.SH,Ê¿À¼Î¢,2011-02-28,8.3108,8.2994,8.4853,8.2918,8.3981,3278536,72696483,0.0873,1.0502,22.1735,0.8114,8942290400,N/A,9606190400,404080000,0,434080000,37.5449,5.7913,6.3247,21.1647,
600460.SH,Ê¿À¼Î¢,2011-03-01,8.3981,8.4246,8.5385,8.121,8.1855,6465621,141477621,-0.2125,-2.5305,21.8815,1.6001,8716005600,N/A,9363105600,404080000,0,434080000,36.5948,5.6448,6.1647,20.6291,
600460.SH,Ê¿À¼Î¢,2011-03-02,8.1855,8.121,8.2273,7.9996,8.1021,3064915,65261699,-0.0835,-1.0199,21.2932,0.7585,8627108000,N/A,9267608000,404080000,0,434080000,36.2216,5.5872,6.1018,20.4187,
600460.SH,Ê¿À¼Î¢,2011-03-03,8.1021,8.1021,8.1817,7.9351,7.9768,3032024,64251409,-0.1252,-1.5457,21.1909,0.7504,8493761600,N/A,9124361600,404080000,0,434080000,35.6617,5.5008,6.0075,20.1031,
600460.SH,Ê¿À¼Î¢,2011-03-04,7.9768,8.0831,8.3715,8.0489,8.3639,6066296,131654291,0.3871,4.8525,21.7026,1.5013,8905923200,N/A,9567123200,404080000,0,434080000,37.3922,5.7678,6.299,21.0786,
600460.SH,Ê¿À¼Î¢,2011-03-07,8.3639,8.3715,8.4929,8.2083,8.4436,5862765,129562967,0.0797,0.9528,22.0993,1.4509,8990780000,N/A,9658280000,404080000,0,434080000,37.7485,5.8227,6.359,21.2795,
600460.SH,Ê¿À¼Î¢,2011-03-08,8.4436,8.2956,8.2956,8.0299,8.2273,11186103,240246638,-0.2163,-2.5618,21.4772,2.7683,8760454400,N/A,9410854400,404080000,0,434080000,36.7815,5.6735,6.1961,20.7343,
600460.SH,Ê¿À¼Î¢,2011-03-09,8.2273,8.2425,8.2425,8.0299,8.0793,6972594,148477611,-0.148,-1.7989,21.2945,1.7255,8602863200,N/A,9241563200,404080000,0,434080000,36.1198,5.5715,6.0847,20.3613,
600460.SH,Ê¿À¼Î¢,2011-03-10,8.0793,8.0489,8.1248,7.992,8.0793,3954469,83956762,0,0,21.2309,0.9786,8602863200,N/A,9241563200,404080000,0,434080000,36.1198,5.5715,6.0847,20.3613,
600460.SH,Ê¿À¼Î¢,2011-03-11,8.0793,8.0451,8.1058,7.9958,8.0413,2592708,54977659,-0.0379,-0.4697,21.2047,0.6416,8562455200,N/A,9198155200,404080000,0,434080000,35.9501,5.5453,6.0561,20.2657,
600460.SH,Ê¿À¼Î¢,2011-03-14,8.0413,8.4246,8.5461,8.1704,8.2121,11044815,242621098,0.1708,2.1236,21.967,2.7333,8744291200,N/A,9393491200,404080000,0,434080000,36.7136,5.6631,6.1847,20.6961,
600460.SH,Ê¿À¼Î¢,2011-03-15,8.2121,8.2387,8.4626,8.121,8.4284,11389649,248692133,0.2163,2.634,21.8349,2.8187,8974616800,N/A,9640916800,404080000,0,434080000,37.6806,5.8122,6.3476,21.2412,
600460.SH,Ê¿À¼Î¢,2011-03-16,8.4284,8.455,8.7168,8.3563,8.6713,10879266,246164520,0.2429,2.8816,22.6269,2.6924,9233228000,N/A,9918728000,404080000,0,434080000,38.7664,5.9797,6.5305,21.8533,
600460.SH,Ê¿À¼Î¢,2011-03-17,8.6713,8.5423,8.6751,8.3487,8.4702,5986041,134259033,-0.2011,-2.3195,22.4287,1.4814,9019065600,N/A,9688665600,404080000,0,434080000,37.8673,5.841,6.379,21.3464,
600460.SH,Ê¿À¼Î¢,2011-03-18,8.4702,8.5385,8.6333,8.3563,8.417,4092627,91265448,-0.0531,-0.6272,22.3,1.0128,8962494400,N/A,9627894400,404080000,0,434080000,37.6297,5.8044,6.339,21.2125,
600460.SH,Ê¿À¼Î¢,2011-03-21,8.417,8.3791,8.4474,8.121,8.2538,4423219,95932619,-0.1632,-1.9387,21.6884,1.0946,8788740000,N/A,9441240000,404080000,0,434080000,36.9002,5.6919,6.2161,20.8013,
600460.SH,Ê¿À¼Î¢,2011-03-22,8.2538,8.2614,8.2842,8.0793,8.2652,2511387,54091979,0.0114,0.1379,21.5387,0.6215,8800862400,N/A,9454262400,404080000,0,434080000,36.9511,5.6997,6.2247,20.83,
600460.SH,Ê¿À¼Î¢,2011-03-23,8.2652,8.2538,8.3297,8.14,8.307,3259025,70644329,0.0417,0.5051,21.6765,0.8065,8845311200,N/A,9502011200,404080000,0,434080000,37.1377,5.7285,6.2562,20.9352,
600460.SH,Ê¿À¼Î¢,2011-03-24,8.307,8.2804,8.288,8.159,8.1931,2775190,59950782,-0.1138,-1.3705,21.6024,0.6868,8724087200,N/A,9371787200,404080000,0,434080000,36.6288,5.65,6.1704,20.6482,
600460.SH,Ê¿À¼Î¢,2011-03-25,8.1931,8.1628,8.2501,8.1438,8.1817,2294010,49524704,-0.0114,-0.139,21.5887,0.5677,8711964800,N/A,9358764800,404080000,0,434080000,36.5779,5.6421,6.1618,20.6196,
600460.SH,Ê¿À¼Î¢,2011-03-28,8.1817,8.1931,8.2159,8.0451,8.0755,4217790,89986730,-0.1063,-1.2987,21.335,1.0438,8598822400,N/A,9237222400,404080000,0,434080000,36.1028,5.5689,6.0818,20.3518,
600460.SH,Ê¿À¼Î¢,2011-03-29,8.0755,8.0451,8.1779,8.0375,8.0717,2958732,63035134,-0.0038,-0.047,21.3048,0.7322,8594781600,N/A,9232881600,404080000,0,434080000,36.0859,5.5662,6.079,20.3422,
600460.SH,Ê¿À¼Î¢,2011-03-30,8.0717,8.0755,8.1362,7.6087,7.6315,5204749,107515988,-0.4402,-5.4537,20.6573,1.288,8126048800,N/A,8729348800,404080000,0,434080000,34.1179,5.2627,5.7474,19.2328,
600460.SH,Ê¿À¼Î¢,2011-03-31,7.6315,7.6656,7.7871,7.5556,7.6315,3126082,63113965,0,0,20.1895,0.7736,8126048800,N/A,8729348800,404080000,0,434080000,34.1179,5.2627,5.7474,19.2328,
600460.SH,Ê¿À¼Î¢,2011-04-01,7.6315,7.6846,7.7264,7.5973,7.7036,1695285,34219450,0.0721,0.9448,20.1851,0.4195,8202824000,N/A,8811824000,404080000,0,434080000,34.4402,5.3124,5.8017,19.4145,
600460.SH,Ê¿À¼Î¢,2011-04-06,7.7036,7.7074,7.8061,7.6277,7.6998,1577518,31992967,-0.0038,-0.0493,20.2806,0.3904,8198783200,N/A,8807483200,404080000,0,434080000,34.4232,5.3098,5.7989,19.4049,
600460.SH,Ê¿À¼Î¢,2011-04-07,7.6998,7.7339,7.7339,7.5518,7.7112,3043458,61185529,0.0114,0.1479,20.104,0.7532,8210905600,N/A,8820505600,404080000,0,434080000,34.4741,5.3176,5.8074,19.4336,
600460.SH,Ê¿À¼Î¢,2011-04-08,7.7112,7.7112,7.7985,7.6277,7.7453,2665402,54399772,0.0342,0.4429,20.4096,0.6596,8247272800,N/A,8859572800,404080000,0,434080000,34.6268,5.3412,5.8332,19.5197,
600460.SH,Ê¿À¼Î¢,2011-04-11,7.7453,7.7415,7.7947,7.4987,7.5063,4134073,82795892,-0.2391,-3.0867,20.0277,1.0231,7992702400,N/A,8586102400,404080000,0,434080000,33.558,5.1763,5.6531,18.9172,
600460.SH,Ê¿À¼Î¢,2011-04-12,7.5063,7.5025,7.5746,7.4493,7.4645,2014487,39837072,-0.0417,-0.5561,19.7753,0.4985,7948253600,N/A,8538353600,404080000,0,434080000,33.3714,5.1475,5.6217,18.812,
600460.SH,Ê¿À¼Î¢,2011-04-13,7.4645,7.4759,7.529,7.3241,7.5101,2256244,44304905,0.0455,0.6101,19.6366,0.5584,7996743200,N/A,8590443200,404080000,0,434080000,33.575,5.1789,5.656,18.9268,
600460.SH,Ê¿À¼Î¢,2011-04-14,7.5101,7.5366,7.5708,7.5025,7.5214,1759932,34929688,0.0114,0.1516,19.8472,0.4355,8008865600,N/A,8603465600,404080000,0,434080000,33.6259,5.1868,5.6645,18.9555,
600460.SH,Ê¿À¼Î¢,2011-04-15,7.5214,7.5214,7.5214,7.5214,7.5214,N/A,N/A,0,0,N/A,N/A,8008865600,N/A,8603465600,404080000,0,434080000,33.6259,5.1868,5.6645,18.9555,
600460.SH,Ê¿À¼Î¢,2011-04-18,7.5214,7.4949,7.5822,7.3734,7.5594,2148735,42223104,0.0379,0.5045,19.6502,0.5318,8049273600,N/A,8646873600,404080000,0,434080000,33.7955,5.213,5.6931,19.0511,
600460.SH,Ê¿À¼Î¢,2011-04-19,7.5594,7.5366,7.9237,7.4835,7.7074,6107394,125195407,0.148,1.9578,20.499,1.5114,8206864800,N/A,8816164800,404080000,0,434080000,34.4572,5.315,5.8046,19.4241,
600460.SH,Ê¿À¼Î¢,2011-04-20,7.7074,7.7074,7.7985,7.6581,7.7188,2111702,42912050,0.0114,0.1477,20.3211,0.5226,8218987200,N/A,8829187200,404080000,0,434080000,34.5081,5.3229,5.8132,19.4528,
600460.SH,Ê¿À¼Î¢,2011-04-21,7.7188,7.7719,7.7757,7.6201,7.7226,2041028,41341260,0.0038,0.0492,20.2551,0.5051,8223028000,N/A,8833528000,404080000,0,434080000,34.525,5.3255,5.816,19.4623,
600460.SH,Ê¿À¼Î¢,2011-04-22,7.7226,7.7036,7.7947,7.5973,7.6125,1719920,34756469,-0.1101,-1.4251,20.2082,0.4256,8105844800,N/A,8707644800,404080000,0,434080000,34.033,5.2496,5.7331,19.185,
600460.SH,Ê¿À¼Î¢,2011-04-25,7.6125,7.6049,7.6049,7.1609,7.2178,5683135,108794711,-0.3947,-5.1844,19.1434,1.4064,7685601600,N/A,8256201600,404080000,0,434080000,32.2686,4.9774,5.4359,18.1903,
600460.SH,Ê¿À¼Î¢,2011-04-26,7.2178,7.2178,7.2862,7.1344,7.1419,1703845,32245095,-0.0759,-1.0515,18.9249,0.4217,7604785600,N/A,8169385600,404080000,0,434080000,31.9293,4.9251,5.3787,17.9991,
600460.SH,Ê¿À¼Î¢,2011-04-27,7.1419,7.1419,7.1419,7.1419,7.1419,N/A,N/A,0,0,N/A,N/A,7604785600,N/A,8169385600,404080000,0,434080000,31.9293,4.9251,5.3787,17.9991,
600460.SH,Ê¿À¼Î¢,2011-04-28,7.1419,7.0964,7.0964,6.6714,6.7663,5885798,105635211,-0.3757,-5.2604,17.9475,1.4566,7204746400,N/A,7739646400,404080000,0,434080000,30.2497,4.666,5.0958,17.0523,
600460.SH,Ê¿À¼Î¢,2011-04-29,6.7663,6.7852,6.8611,6.6979,6.8156,1809653,32172632,0.0493,0.7291,17.7783,0.4478,7257276800,N/A,7796076800,404080000,0,434080000,30.4702,4.7,5.133,17.1766,
600460.SH,Ê¿À¼Î¢,2011-05-03,6.8156,6.8118,6.9636,6.7928,6.9522,2088985,37903695,0.1366,2.0045,18.1446,0.517,7402745600,N/A,7952345600,404080000,0,434080000,31.081,4.7942,5.2358,17.5209,
600460.SH,Ê¿À¼Î¢,2011-05-04,6.9522,6.9484,6.9598,6.7359,6.8839,2011596,36398856,-0.0683,-0.9825,18.0945,0.4978,7330011200,N/A,7874211200,404080000,0,434080000,30.7756,4.7471,5.1844,17.3487,
600460.SH,Ê¿À¼Î¢,2011-05-05,6.8839,6.8877,6.8991,6.7511,6.8839,1946103,34893737,0,0,17.9301,0.4816,7330011200,N/A,7874211200,404080000,0,434080000,30.7756,4.7471,5.1844,17.3487,
600460.SH,Ê¿À¼Î¢,2011-05-06,6.8839,6.8459,6.9256,6.7549,6.8763,1396129,25286755,-0.0076,-0.1103,18.112,0.3455,7321929600,N/A,7865529600,404080000,0,434080000,30.7417,4.7419,5.1787,17.3296,
600460.SH,Ê¿À¼Î¢,2011-05-09,6.8763,6.9522,6.9977,6.7966,6.8839,1826796,33084409,0.0076,0.1104,18.1106,0.4521,7330011200,N/A,7874211200,404080000,0,434080000,30.7756,4.7471,5.1844,17.3487,
600460.SH,Ê¿À¼Î¢,2011-05-10,6.8839,6.8877,6.9408,6.7928,6.8232,1531519,27508526,-0.0607,-0.882,17.9616,0.379,7265358400,N/A,7804758400,404080000,0,434080000,30.5042,4.7053,5.1387,17.1957,
600460.SH,Ê¿À¼Î¢,2011-05-11,6.8232,6.8042,6.8308,6.6752,6.6866,2297387,40734271,-0.1366,-2.0022,17.7307,0.5685,7119889600,N/A,7648489600,404080000,0,434080000,29.8934,4.6111,5.0358,16.8514,
600460.SH,Ê¿À¼Î¢,2011-05-12,6.6866,6.7169,6.7435,6.5955,6.6942,2984353,52474126,0.0076,0.1135,17.5831,0.7386,7127971200,N/A,7657171200,404080000,0,434080000,29.9273,4.6163,5.0415,16.8705,
600460.SH,Ê¿À¼Î¢,2011-05-13,6.6942,6.66,6.7701,6.6562,6.7283,2200377,38912779,0.0342,0.5102,17.6846,0.5445,7164338400,N/A,7696238400,404080000,0,434080000,30.08,4.6398,5.0672,16.9566,
600460.SH,Ê¿À¼Î¢,2011-05-16,6.7283,6.7549,6.7928,6.6866,6.7663,1416934,25192786,0.0379,0.564,17.7798,0.3507,7204746400,N/A,7739646400,404080000,0,434080000,30.2497,4.666,5.0958,17.0523,
600460.SH,Ê¿À¼Î¢,2011-05-17,6.7663,6.7776,6.789,6.7017,6.7169,1189606,21135031,-0.0493,-0.7291,17.7664,0.2944,7152216000,N/A,7683216000,404080000,0,434080000,30.0291,4.632,5.0587,16.9279,
600460.SH,Ê¿À¼Î¢,2011-05-18,6.7169,6.7017,6.9636,6.7017,6.8725,1927414,34826352,0.1556,2.3164,18.069,0.477,7317888800,N/A,7861188800,404080000,0,434080000,30.7247,4.7393,5.1758,17.32,
600460.SH,Ê¿À¼Î¢,2011-05-19,6.8725,6.922,6.941,6.8154,6.8306,1928783,34833830,-0.0419,-0.6094,18.06,0.4773,7249195200,N/A,7787395200,404080000,0,434080000,30.4363,4.6948,5.1272,17.1575,
600460.SH,Ê¿À¼Î¢,2011-05-20,6.8306,6.7964,6.8801,6.7773,6.8535,1783731,32025901,0.0228,0.3344,17.9544,0.4414,7273440000,N/A,7813440000,404080000,0,434080000,30.5381,4.7105,5.1444,17.2148,
600460.SH,Ê¿À¼Î¢,2011-05-23,6.8535,6.8344,6.8877,6.6669,6.7507,1884464,33418520,-0.1028,-1.5,17.7337,0.4664,7164338400,N/A,7696238400,404080000,0,434080000,30.08,4.6398,5.0672,16.9566,
600460.SH,Ê¿À¼Î¢,2011-05-24,6.7507,6.724,6.7773,6.5717,6.6936,1261797,22110360,-0.0571,-0.846,17.5229,0.3123,7103726400,N/A,7631126400,404080000,0,434080000,29.8256,4.6006,5.0244,16.8132,
600460.SH,Ê¿À¼Î¢,2011-05-25,6.6936,6.6936,6.7697,6.625,6.6631,908898,15942726,-0.0305,-0.4551,17.5407,0.2249,7071400000,N/A,7596400000,404080000,0,434080000,29.6898,4.5797,5.0015,16.7367,
600460.SH,Ê¿À¼Î¢,2011-05-26,6.6631,6.6631,6.8116,6.328,6.3737,2122450,36315769,-0.2894,-4.3429,17.1103,0.5253,6764299200,N/A,7266499200,404080000,0,434080000,28.4004,4.3808,4.7843,16.0098,
600460.SH,Ê¿À¼Î¢,2011-05-27,6.3737,6.4347,6.4575,6.092,6.1339,2003368,32528336,-0.2399,-3.7634,16.2368,0.4958,6509728800,N/A,6993028800,404080000,0,434080000,27.3316,4.2159,4.6042,15.4073,
600460.SH,Ê¿À¼Î¢,2011-05-30,6.1339,6.1529,6.1757,6.0196,6.0273,977610,15694693,-0.1066,-1.7381,16.0541,0.2419,6396586400,N/A,6871486400,404080000,0,434080000,26.8566,4.1426,4.5242,15.1395,
600460.SH,Ê¿À¼Î¢,2011-05-31,6.0273,6.0234,6.1681,6.0234,6.1453,1738035,27850646,0.118,1.9583,16.0242,0.4301,6521851200,N/A,7006051200,404080000,0,434080000,27.3825,4.2238,4.6128,15.436,
600460.SH,Ê¿À¼Î¢,2011-06-01,6.1453,6.1605,6.2329,6.1072,6.2024,886394,14389194,0.0571,0.9294,16.2334,0.2194,6582463200,N/A,7071163200,404080000,0,434080000,27.637,4.263,4.6557,15.5794,
600460.SH,Ê¿À¼Î¢,2011-06-02,6.2024,6.1301,6.2824,6.1072,6.2062,1495300,24353545,0.0038,0.0614,16.2867,0.3701,6586504000,N/A,7075504000,404080000,0,434080000,27.654,4.2656,4.6585,15.589,
600460.SH,Ê¿À¼Î¢,2011-06-03,6.2062,6.1757,6.2824,6.1757,6.2595,1150383,18876923,0.0533,0.8589,16.4093,0.2847,6643075200,N/A,7136275200,404080000,0,434080000,27.8915,4.3023,4.6985,15.7229,
600460.SH,Ê¿À¼Î¢,2011-06-07,6.2595,6.3128,6.3775,6.2367,6.328,983007,16336038,0.0685,1.0949,16.6184,0.2433,6715809600,N/A,7214409600,404080000,0,434080000,28.1969,4.3494,4.75,15.895,
600460.SH,Ê¿À¼Î¢,2011-06-08,6.328,6.3852,6.427,6.2138,6.4004,1694622,28059731,0.0723,1.1432,16.5581,0.4194,6792584800,N/A,7296884800,404080000,0,434080000,28.5192,4.3991,4.8043,16.0767,
600460.SH,Ê¿À¼Î¢,2011-06-09,6.4004,6.3966,6.3966,6.1529,6.1681,875591,14437472,-0.2323,-3.6288,16.4888,0.2167,6546096000,N/A,7032096000,404080000,0,434080000,27.4843,4.2395,4.63,15.4934,
600460.SH,Ê¿À¼Î¢,2011-06-10,6.1681,6.1872,6.2785,6.1529,6.2405,879944,14375882,0.0723,1.1728,16.3373,0.2178,6622871200,N/A,7114571200,404080000,0,434080000,27.8066,4.2892,4.6843,15.6751,
600460.SH,Ê¿À¼Î¢,2011-06-13,6.2405,6.2443,6.3737,6.1872,6.3547,1172021,19365931,0.1142,1.8304,16.5235,0.29,6744095200,N/A,7244795200,404080000,0,434080000,28.3156,4.3677,4.77,15.962,
600460.SH,Ê¿À¼Î¢,2011-06-14,6.3547,6.3585,6.4575,6.3204,6.427,1283030,21627874,0.0723,1.1384,16.8569,0.3175,6820870400,N/A,7327270400,404080000,0,434080000,28.638,4.4174,4.8243,16.1437,
600460.SH,Ê¿À¼Î¢,2011-06-15,6.427,6.3966,6.4575,6.3585,6.3852,871196,14685608,-0.0419,-0.6517,16.8568,0.2156,6776421600,N/A,7279521600,404080000,0,434080000,28.4513,4.3886,4.7929,16.0385,
600460.SH,Ê¿À¼Î¢,2011-06-16,6.3852,6.3775,6.3813,6.229,6.2519,805493,13276926,-0.1333,-2.0871,16.483,0.1993,6634993600,N/A,7127593600,404080000,0,434080000,27.8575,4.297,4.6928,15.7038,
600460.SH,Ê¿À¼Î¢,2011-06-17,6.2519,6.2519,6.3014,6.1567,6.1757,732989,11941238,-0.0761,-1.218,16.2912,0.1814,6554177600,N/A,7040777600,404080000,0,434080000,27.5182,4.2447,4.6357,15.5125,
600460.SH,Ê¿À¼Î¢,2011-06-20,6.1757,6.2024,6.2367,6.1605,6.1834,704262,11439993,0.0076,0.1233,16.2439,0.1743,6562259200,N/A,7049459200,404080000,0,434080000,27.5522,4.2499,4.6414,15.5316,
600460.SH,Ê¿À¼Î¢,2011-06-21,6.1834,6.1872,6.2824,6.1529,6.2557,555929,9081932,0.0723,1.17,16.3365,0.1376,6639034400,N/A,7131934400,404080000,0,434080000,27.8745,4.2996,4.6957,15.7133,
600460.SH,Ê¿À¼Î¢,2011-06-22,6.2557,6.2633,6.2824,6.2062,6.21,424740,6969811,-0.0457,-0.7304,16.4096,0.1051,6590544800,N/A,7079844800,404080000,0,434080000,27.6709,4.2682,4.6614,15.5986,
600460.SH,Ê¿À¼Î¢,2011-06-23,6.21,6.1719,6.328,6.1681,6.3166,883621,14519653,0.1066,1.7167,16.432,0.2187,6703687200,N/A,7201387200,404080000,0,434080000,28.146,4.3415,4.7414,15.8663,
600460.SH,Ê¿À¼Î¢,2011-06-24,6.3166,6.3471,6.5413,6.2862,6.4765,1821226,30778674,0.1599,2.5316,16.9,0.4507,6873400800,N/A,7383700800,404080000,0,434080000,28.8585,4.4514,4.8614,16.268,
600460.SH,Ê¿À¼Î¢,2011-06-27,6.4765,6.4727,6.6479,6.4727,6.526,1632887,28114793,0.0495,0.7643,17.2178,0.4041,6925931200,N/A,7440131200,404080000,0,434080000,29.0791,4.4854,4.8986,16.3924,
600460.SH,Ê¿À¼Î¢,2011-06-28,6.526,6.4765,6.5413,6.4308,6.4841,1191465,20263652,-0.0419,-0.6418,17.0073,0.2949,6881482400,N/A,7392382400,404080000,0,434080000,28.8924,4.4567,4.8672,16.2872,
600460.SH,Ê¿À¼Î¢,2011-06-29,6.4841,6.4803,6.5755,6.3585,6.3585,989411,16776149,-0.1256,-1.9378,16.9557,0.2449,6748136000,N/A,7249136000,404080000,0,434080000,28.3326,4.3703,4.7729,15.9715,
600460.SH,Ê¿À¼Î¢,2011-06-30,6.3585,6.4727,6.5413,6.3547,6.4689,2155718,36647256,0.1104,1.7365,17,0.5335,6865319200,N/A,7375019200,404080000,0,434080000,28.8246,4.4462,4.8557,16.2489,
600460.SH,Ê¿À¼Î¢,2011-07-01,6.4689,6.4727,6.5298,6.4423,6.4956,1656538,28242035,0.0267,0.412,17.0488,0.41,6893604800,N/A,7405404800,404080000,0,434080000,28.9433,4.4645,4.8757,16.3158,
600460.SH,Ê¿À¼Î¢,2011-07-04,6.4956,6.5298,6.7012,6.5032,6.6555,2618072,45555836,0.1599,2.4619,17.4005,0.6479,7063318400,N/A,7587718400,404080000,0,434080000,29.6559,4.5744,4.9958,16.7175,
600460.SH,Ê¿À¼Î¢,2011-07-05,6.6555,6.6555,6.6783,6.5032,6.5527,5205034,89628655,-0.1028,-1.5446,17.2196,1.2881,6954216800,N/A,7470516800,404080000,0,434080000,29.1978,4.5038,4.9186,16.4593,
600460.SH,Ê¿À¼Î¢,2011-07-06,6.5527,6.5641,6.6174,6.5108,6.5565,1925100,33109614,0.0038,0.0581,17.1989,0.4764,6958257600,N/A,7474857600,404080000,0,434080000,29.2148,4.5064,4.9215,16.4689,
600460.SH,Ê¿À¼Î¢,2011-07-07,6.5565,6.5489,6.8839,6.5184,6.8116,5948335,105594656,0.2551,3.8908,17.752,1.4721,7228991200,N/A,7765691200,404080000,0,434080000,30.3515,4.6817,5.113,17.1096,
600460.SH,Ê¿À¼Î¢,2011-07-08,6.8116,6.8154,6.8154,6.606,6.6974,2370234,41743272,-0.1142,-1.6769,17.6115,0.5866,7107767200,N/A,7635467200,404080000,0,434080000,29.8425,4.6032,5.0272,16.8227,
600460.SH,Ê¿À¼Î¢,2011-07-11,6.6974,6.6669,6.8459,6.587,6.8116,2454462,43520941,0.1142,1.7055,17.7314,0.6074,7228991200,N/A,7765691200,404080000,0,434080000,30.3515,4.6817,5.113,17.1096,
600460.SH,Ê¿À¼Î¢,2011-07-12,6.8116,6.7621,7.0248,6.7354,6.8535,6278728,114142018,0.0419,0.6149,18.1792,1.5538,7273440000,N/A,7813440000,404080000,0,434080000,30.5381,4.7105,5.1444,17.2148,
600460.SH,Ê¿À¼Î¢,2011-07-13,6.8535,6.922,7.0553,6.7964,7.0362,4235713,77263988,0.1828,2.6667,18.2411,1.0482,7467398400,N/A,8021798400,404080000,0,434080000,31.3525,4.8361,5.2816,17.6739,
600460.SH,Ê¿À¼Î¢,2011-07-14,7.0362,7.0362,7.0781,6.922,7.0134,3267909,60044296,-0.0228,-0.3247,18.3739,0.8087,7443153600,N/A,7995753600,404080000,0,434080000,31.2507,4.8204,5.2644,17.6165,
600460.SH,Ê¿À¼Î¢,2011-07-15,7.0134,6.9677,7.1238,6.9296,7.0591,3020870,55877196,0.0457,0.6515,18.4971,0.7476,7491643200,N/A,8047843200,404080000,0,434080000,31.4543,4.8518,5.2987,17.7313,
600460.SH,Ê¿À¼Î¢,2011-07-18,7.0591,7.101,7.1048,6.8992,6.9068,3202567,58835613,-0.1523,-2.1575,18.3714,0.7926,7330011200,N/A,7874211200,404080000,0,434080000,30.7756,4.7471,5.1844,17.3487,
600460.SH,Ê¿À¼Î¢,2011-07-19,6.9068,6.9068,6.9068,6.7431,6.7964,2010252,36030832,-0.1104,-1.5987,17.9235,0.4975,7212828000,N/A,7748328000,404080000,0,434080000,30.2836,4.6713,5.1015,17.0714,
600460.SH,Ê¿À¼Î¢,2011-07-20,6.7964,6.8611,6.9182,6.6936,6.7202,2373212,42105776,-0.0761,-1.1204,17.7421,0.5873,7132012000,N/A,7661512000,404080000,0,434080000,29.9443,4.6189,5.0444,16.8801,
600460.SH,Ê¿À¼Î¢,2011-07-21,6.7202,6.7545,6.7887,6.6631,6.6859,2417116,42543669,-0.0343,-0.5099,17.601,0.5982,7095644800,N/A,7622444800,404080000,0,434080000,29.7916,4.5954,5.0186,16.794,
600460.SH,Ê¿À¼Î¢,2011-07-22,6.6859,6.7012,6.8763,6.5908,6.8421,3459074,61400702,0.1561,2.3349,17.7506,0.856,7261317600,N/A,7800417600,404080000,0,434080000,30.4872,4.7027,5.1358,17.1861,
600460.SH,Ê¿À¼Î¢,2011-07-25,6.8421,6.7887,6.7964,6.6022,6.6593,1502501,26466304,-0.1828,-2.6711,17.6148,0.3718,7067359200,N/A,7592059200,404080000,0,434080000,29.6729,4.577,4.9986,16.7271,
600460.SH,Ê¿À¼Î¢,2011-07-26,6.6593,6.6441,6.7583,6.606,6.7164,979060,17149789,0.0571,0.8576,17.5166,0.2423,7127971200,N/A,7657171200,404080000,0,434080000,29.9273,4.6163,5.0415,16.8705,
600460.SH,Ê¿À¼Î¢,2011-07-27,6.7164,6.6631,6.7507,6.625,6.6783,2448567,42953311,-0.0381,-0.5669,17.5422,0.606,7087563200,N/A,7613763200,404080000,0,434080000,29.7577,4.5901,5.0129,16.7749,
600460.SH,Ê¿À¼Î¢,2011-07-28,6.6783,6.6288,6.7126,6.3509,6.6707,4408188,75661045,-0.0076,-0.114,17.1638,1.0909,7079481600,N/A,7605081600,404080000,0,434080000,29.7238,4.5849,5.0072,16.7558,
600460.SH,Ê¿À¼Î¢,2011-07-29,6.6707,6.5184,6.625,6.4575,6.4765,1139251,19552816,-0.1942,-2.911,17.1629,0.2819,6873400800,N/A,7383700800,404080000,0,434080000,28.8585,4.4514,4.8614,16.268,
600460.SH,Ê¿À¼Î¢,2011-08-01,6.4765,6.4727,6.5451,6.4347,6.5184,758366,12937305,0.0419,0.6467,17.0594,0.1877,6917849600,N/A,7431449600,404080000,0,434080000,29.0451,4.4802,4.8929,16.3732,
600460.SH,Ê¿À¼Î¢,2011-08-02,6.5184,6.5146,6.5184,6.3471,6.4232,1287660,21717369,-0.0952,-1.4603,16.8658,0.3187,6816829600,N/A,7322929600,404080000,0,434080000,28.621,4.4148,4.8214,16.1341,
600460.SH,Ê¿À¼Î¢,2011-08-03,6.4232,6.3966,6.4727,6.3509,6.4308,1175577,19844143,0.0076,0.1186,16.8803,0.2909,6824911200,N/A,7331611200,404080000,0,434080000,28.6549,4.42,4.8272,16.1533,
600460.SH,Ê¿À¼Î¢,2011-08-04,6.4308,6.4347,6.5108,6.4042,6.4499,1110962,18827252,0.019,0.296,16.9468,0.2749,6845115200,N/A,7353315200,404080000,0,434080000,28.7398,4.4331,4.8414,16.2011,
600460.SH,Ê¿À¼Î¢,2011-08-05,6.4499,6.3204,6.3928,6.1681,6.2443,2309794,38040319,-0.2056,-3.1877,16.4691,0.5716,6626912000,N/A,7118912000,404080000,0,434080000,27.8236,4.2918,4.6871,15.6846,
600460.SH,Ê¿À¼Î¢,2011-08-08,6.2443,6.2024,6.2024,5.7683,5.9016,3482251,54618704,-0.3427,-5.4878,15.6849,0.8618,6263240000,N/A,6728240000,404080000,0,434080000,26.2967,4.0563,4.4299,14.8239,
600460.SH,Ê¿À¼Î¢,2011-08-09,5.9016,5.7112,5.7112,5.3114,5.498,5465084,78975761,-0.4036,-6.8387,14.451,1.3525,5834915200,N/A,6268115200,404080000,0,434080000,24.4984,3.7789,4.1269,13.8101,
600460.SH,Ê¿À¼Î¢,2011-08-10,5.498,5.5894,5.8445,5.5209,5.6808,5469716,81209410,0.1828,3.3241,14.8471,1.3536,6028873600,N/A,6476473600,404080000,0,434080000,25.3127,3.9045,4.2641,14.2692,
600460.SH,Ê¿À¼Î¢,2011-08-11,5.6808,5.5399,5.8102,5.5094,5.7607,3583635,53503413,0.08,1.4075,14.9299,0.8869,6113730400,N/A,6567630400,404080000,0,434080000,25.669,3.9594,4.3241,14.47,
600460.SH,Ê¿À¼Î¢,2011-08-12,5.7607,5.7874,5.875,5.6732,5.7493,3112556,47016154,-0.0114,-0.1983,15.1053,0.7703,6101608000,N/A,6554608000,404080000,0,434080000,25.6181,3.9516,4.3156,14.4413,
600460.SH,Ê¿À¼Î¢,2011-08-15,5.7493,5.7836,5.7912,5.7074,5.776,2859515,43160117,0.0267,0.4636,15.0935,0.7077,6129893600,N/A,6584993600,404080000,0,434080000,25.7368,3.9699,4.3356,14.5083,
600460.SH,Ê¿À¼Î¢,2011-08-16,5.776,5.7874,6.1605,5.7874,6.0729,7649434,120935454,0.297,5.1417,15.8097,1.893,6445076000,N/A,6923576000,404080000,0,434080000,27.0602,4.174,4.5585,15.2543,
600460.SH,Ê¿À¼Î¢,2011-08-17,6.0729,6.0158,6.0767,5.9054,5.9816,3472518,54684925,-0.0914,-1.5047,15.7479,0.8594,6348096800,N/A,6819396800,404080000,0,434080000,26.653,4.1112,4.4899,15.0247,
600460.SH,Ê¿À¼Î¢,2011-08-18,5.9816,5.9587,6.0463,5.7836,5.8711,2737515,42439894,-0.1104,-1.846,15.5031,0.6775,6230913600,N/A,6693513600,404080000,0,434080000,26.161,4.0353,4.407,14.7474,
600460.SH,Ê¿À¼Î¢,2011-08-19,5.8711,5.7112,5.8711,5.5475,5.8255,2254207,33860385,-0.0457,-0.7782,15.021,0.5579,6182424000,N/A,6641424000,404080000,0,434080000,25.9574,4.0039,4.3727,14.6326,
600460.SH,Ê¿À¼Î¢,2011-08-22,5.8255,5.8216,5.8445,5.7227,5.7607,1351682,20548335,-0.0647,-1.1111,15.202,0.3345,6113730400,N/A,6567630400,404080000,0,434080000,25.669,3.9594,4.3241,14.47,
600460.SH,Ê¿À¼Î¢,2011-08-23,5.7607,5.8255,5.8293,5.7531,5.8178,1031579,15717169,0.0571,0.9914,15.236,0.2553,6174342400,N/A,6632742400,404080000,0,434080000,25.9235,3.9987,4.367,14.6135,
600460.SH,Ê¿À¼Î¢,2011-08-24,5.8178,5.8521,5.894,5.7531,5.8483,2119511,32531304,0.0305,0.5236,15.3485,0.5245,6206668800,N/A,6667468800,404080000,0,434080000,26.0592,4.0196,4.3899,14.69,
600460.SH,Ê¿À¼Î¢,2011-08-25,5.8483,5.8635,6.0196,5.8064,6.012,2460326,38460867,0.1637,2.7995,15.6324,0.6089,6380423200,N/A,6854123200,404080000,0,434080000,26.7887,4.1322,4.5128,15.1012,
600460.SH,Ê¿À¼Î¢,2011-08-26,6.012,5.9778,6.0273,5.9092,5.9968,1536822,24048990,-0.0152,-0.2533,15.6485,0.3803,6364260000,N/A,6836760000,404080000,0,434080000,26.7208,4.1217,4.5013,15.063,
600460.SH,Ê¿À¼Î¢,2011-08-29,5.9968,5.9778,6.0158,5.8407,5.9397,1738895,27058452,-0.0571,-0.9524,15.5607,0.4303,6303648000,N/A,6771648000,404080000,0,434080000,26.4664,4.0824,4.4585,14.9195,
600460.SH,Ê¿À¼Î¢,2011-08-30,5.9397,5.9397,6.0082,5.8673,5.9054,999875,15614358,-0.0343,-0.5769,15.6163,0.2474,6267280800,N/A,6732580800,404080000,0,434080000,26.3137,4.0589,4.4328,14.8335,
600460.SH,Ê¿À¼Î¢,2011-08-31,5.9054,5.9016,5.9321,5.7721,5.8255,874853,13391818,-0.08,-1.354,15.3075,0.2165,6182424000,N/A,6641424000,404080000,0,434080000,25.9574,4.0039,4.3727,14.6326,
600460.SH,Ê¿À¼Î¢,2011-09-01,5.8255,5.8597,5.8978,5.7341,5.7455,873780,13292612,-0.08,-1.3725,15.2128,0.2162,6097567200,N/A,6550267200,404080000,0,434080000,25.6011,3.949,4.3127,14.4318,
600460.SH,Ê¿À¼Î¢,2011-09-02,5.7455,5.7455,5.7455,5.597,5.696,1160967,17288423,-0.0495,-0.8615,14.8914,0.2873,6045036800,N/A,6493836800,404080000,0,434080000,25.3806,3.915,4.2756,14.3074,
600460.SH,Ê¿À¼Î¢,2011-09-05,5.696,5.6046,5.6427,5.4828,5.5627,2263518,32828058,-0.1333,-2.3396,14.5031,0.5602,5903608800,N/A,6341908800,404080000,0,434080000,24.7868,3.8234,4.1755,13.9727,
600460.SH,Ê¿À¼Î¢,2011-09-06,5.5627,5.5094,5.5704,5.4561,5.5094,905941,13077477,-0.0533,-0.9582,14.4352,0.2242,5847037600,N/A,6281137600,404080000,0,434080000,24.5492,3.7867,4.1355,13.8388,
600460.SH,Ê¿À¼Î¢,2011-09-07,5.5094,5.5818,5.6541,5.4904,5.6198,878548,12853343,0.1104,2.0041,14.6302,0.2174,5964220800,N/A,6407020800,404080000,0,434080000,25.0413,3.8626,4.2184,14.1162,
600460.SH,Ê¿À¼Î¢,2011-09-08,5.6198,5.6465,5.6617,5.5209,5.5589,727780,10712792,-0.0609,-1.084,14.7198,0.1801,5899568000,N/A,6337568000,404080000,0,434080000,24.7698,3.8207,4.1727,13.9631,
600460.SH,Ê¿À¼Î¢,2011-09-09,5.5589,5.5551,5.616,5.4637,5.498,733241,10684419,-0.0609,-1.0959,14.5715,0.1815,5834915200,N/A,6268115200,404080000,0,434080000,24.4984,3.7789,4.1269,13.8101,
600460.SH,Ê¿À¼Î¢,2011-09-13,5.498,5.4028,5.5018,5.3305,5.4637,834228,11865867,-0.0343,-0.6233,14.2238,0.2065,5798548000,N/A,6229048000,404080000,0,434080000,24.3457,3.7553,4.1012,13.7241,
600460.SH,Ê¿À¼Î¢,2011-09-14,5.4637,5.5437,5.5551,5.4447,5.5285,625861,9065867,0.0647,1.1847,14.4854,0.1442,6302841600,N/A,6302841600,434080000,0,434080000,24.6341,3.7998,4.1498,13.8866,
600460.SH,Ê¿À¼Î¢,2011-09-15,5.5285,5.5361,5.616,5.5285,5.5437,747151,10930118,0.0152,0.2755,14.6291,0.1721,6320204800,N/A,6320204800,434080000,0,434080000,24.7019,3.8103,4.1612,13.9249,
600460.SH,Ê¿À¼Î¢,2011-09-16,5.5437,5.5589,5.6122,5.5094,5.5475,661341,9631326,0.0038,0.0687,14.5633,0.1524,6324545600,N/A,6324545600,434080000,0,434080000,24.7189,3.8129,4.1641,13.9345,
600460.SH,Ê¿À¼Î¢,2011-09-19,5.5475,5.5475,5.5589,5.4104,5.4219,714531,10220663,-0.1256,-2.2649,14.304,0.1646,6181299200,N/A,6181299200,434080000,0,434080000,24.159,3.7265,4.0698,13.6189,
600460.SH,Ê¿À¼Î¢,2011-09-20,5.4219,5.4676,5.498,5.3343,5.4066,487539,6907328,-0.0152,-0.2809,14.1677,0.1123,6163936000,N/A,6163936000,434080000,0,434080000,24.0912,3.7161,4.0584,13.5806,
600460.SH,Ê¿À¼Î¢,2011-09-21,5.4066,5.4371,5.5209,5.3343,5.5132,1850537,26590624,0.1066,1.9718,14.3691,0.4263,6285478400,N/A,6285478400,434080000,0,434080000,24.5662,3.7893,4.1384,13.8484,
600460.SH,Ê¿À¼Î¢,2011-09-22,5.5132,5.5018,5.5018,5.3343,5.3381,980143,13929586,-0.1751,-3.1768,14.2118,0.2258,6085801600,N/A,6085801600,434080000,0,434080000,23.7858,3.669,4.0069,13.4084,
600460.SH,Ê¿À¼Î¢,2011-09-23,5.3381,5.3229,5.3229,5.102,5.2543,1492499,20386968,-0.0838,-1.5692,13.6596,0.3438,5990304000,N/A,5990304000,434080000,0,434080000,23.4126,3.6114,3.944,13.198,
600460.SH,Ê¿À¼Î¢,2011-09-26,5.2543,5.2277,5.2315,5.0297,5.0868,1116702,15073939,-0.1675,-3.1884,13.4986,0.2573,5799308800,N/A,5799308800,434080000,0,434080000,22.6661,3.4962,3.8183,12.7772,
600460.SH,Ê¿À¼Î¢,2011-09-27,5.0868,5.083,5.1401,5.0107,5.0868,1221585,16267784,0,0,13.3169,0.2814,5799308800,N/A,5799308800,434080000,0,434080000,22.6661,3.4962,3.8183,12.7772,
600460.SH,Ê¿À¼Î¢,2011-09-28,5.0868,5.1401,5.1706,4.9726,4.9764,1056524,14073393,-0.1104,-2.1707,13.3205,0.2434,5673425600,N/A,5673425600,434080000,0,434080000,22.1741,3.4204,3.7354,12.4999,
600460.SH,Ê¿À¼Î¢,2011-09-29,4.9764,4.9193,4.9497,4.6071,4.6642,3019628,37551620,-0.3122,-6.2739,12.4358,0.6956,5317480000,N/A,5317480000,434080000,0,434080000,20.7829,3.2058,3.501,11.7157,
600460.SH,Ê¿À¼Î¢,2011-09-30,4.6642,4.7365,4.7365,4.4586,4.5195,4470196,53063627,-0.1447,-3.102,11.8705,1.0298,5152529600,N/A,5152529600,434080000,0,434080000,20.1382,3.1063,3.3924,11.3522,
600460.SH,Ê¿À¼Î¢,2011-10-10,4.5195,4.5423,4.5652,4.4205,4.4471,1465414,17350844,-0.0723,-1.6007,11.8402,0.3376,5070054400,N/A,5070054400,434080000,0,434080000,19.8158,3.0566,3.3381,11.1705,
600460.SH,Ê¿À¼Î¢,2011-10-11,4.4471,4.5499,4.6375,4.371,4.4624,2923832,34632557,0.0152,0.3425,11.8449,0.6736,5087417600,N/A,5087417600,434080000,0,434080000,19.8837,3.0671,3.3496,11.2088,
600460.SH,Ê¿À¼Î¢,2011-10-12,4.4624,4.4091,4.7251,4.39,4.6566,2517631,30456010,0.1942,4.3515,12.0971,0.58,5308798400,N/A,5308798400,434080000,0,434080000,20.749,3.2005,3.4953,11.6965,
600460.SH,Ê¿À¼Î¢,2011-10-13,4.6566,4.6566,4.767,4.6299,4.6946,2342197,28932270,0.0381,0.8177,12.3526,0.5396,5352206400,N/A,5352206400,434080000,0,434080000,20.9186,3.2267,3.5239,11.7922,
600460.SH,Ê¿À¼Î¢,2011-10-14,4.6946,4.6604,4.7137,4.5538,4.6451,1666035,20251410,-0.0495,-1.0543,12.1555,0.3838,5295776000,N/A,5295776000,434080000,0,434080000,20.6981,3.1927,3.4868,11.6678,
600460.SH,Ê¿À¼Î¢,2011-10-17,4.6451,4.6756,4.7365,4.6261,4.7061,1375140,16878785,0.0609,1.3115,12.2742,0.3168,5365228800,N/A,5365228800,434080000,0,434080000,20.9695,3.2345,3.5325,11.8209,
600460.SH,Ê¿À¼Î¢,2011-10-18,4.7061,4.6832,4.6832,4.4738,4.489,1563879,18714461,-0.217,-4.6117,11.9667,0.3603,5117803200,N/A,5117803200,434080000,0,434080000,20.0025,3.0854,3.3696,11.2757,
600460.SH,Ê¿À¼Î¢,2011-10-19,4.489,4.5081,4.5309,4.2987,4.3101,1432488,16555614,-0.179,-3.9864,11.5572,0.33,4913785600,N/A,4913785600,434080000,0,434080000,19.2051,2.9624,3.2353,10.8262,
600460.SH,Ê¿À¼Î¢,2011-10-20,4.3101,4.3025,4.3748,4.074,4.1045,2502666,27450771,-0.2056,-4.7703,10.9686,0.5765,4679382400,N/A,4679382400,434080000,0,434080000,18.2889,2.8211,3.0809,10.3098,
600460.SH,Ê¿À¼Î¢,2011-10-21,4.1045,4.1578,4.1616,3.9979,4.074,1709961,18232379,-0.0305,-0.7421,10.6625,0.3939,4644656000,N/A,4644656000,434080000,0,434080000,18.1532,2.8001,3.0581,10.2333,
600460.SH,Ê¿À¼Î¢,2011-10-24,4.074,4.1197,4.2263,3.9902,4.1425,2599063,27918468,0.0685,1.6822,10.7417,0.5988,4722790400,N/A,4722790400,434080000,0,434080000,18.4586,2.8472,3.1095,10.4054,
600460.SH,Ê¿À¼Î¢,2011-10-25,4.1425,4.1502,4.3786,4.0664,4.2758,3914594,43475449,0.1333,3.2169,11.106,0.9018,4874718400,N/A,4874718400,434080000,0,434080000,19.0524,2.9388,3.2095,10.7401,
600460.SH,Ê¿À¼Î¢,2011-10-26,4.2758,4.2492,4.4091,4.2339,4.3291,3458185,39098547,0.0533,1.2467,11.3061,0.7967,4935489600,N/A,4935489600,434080000,0,434080000,19.2899,2.9755,3.2495,10.874,
600460.SH,Ê¿À¼Î¢,2011-10-27,4.3291,4.3405,4.4357,4.3291,4.3481,2727202,31389585,0.019,0.4398,11.5098,0.6283,4957193600,N/A,4957193600,434080000,0,434080000,19.3747,2.9886,3.2638,10.9219,
600460.SH,Ê¿À¼Î¢,2011-10-28,4.3481,4.4281,4.5157,4.3481,4.4966,4332099,50274717,0.1485,3.4151,11.6052,0.998,5126484800,N/A,5126484800,434080000,0,434080000,20.0364,3.0906,3.3753,11.2948,
600460.SH,Ê¿À¼Î¢,2011-10-31,4.4966,4.4928,4.5119,4.4015,4.4776,3540268,41393797,-0.019,-0.4234,11.6923,0.8156,5104780800,N/A,5104780800,434080000,0,434080000,19.9516,3.0775,3.361,11.247,
600460.SH,Ê¿À¼Î¢,2011-11-01,4.4776,4.4395,4.5956,4.4091,4.569,5715068,67778761,0.0914,2.0408,11.8597,1.3166,5208960000,N/A,5208960000,434080000,0,434080000,20.3587,3.1403,3.4296,11.4766,
600460.SH,Ê¿À¼Î¢,2011-11-02,4.569,4.4776,5.0259,4.4167,5.0259,13691854,171649506,0.4569,10,12.5366,3.1542,5729856000,N/A,5729856000,434080000,0,434080000,22.3946,3.4544,3.7726,12.6242,
600460.SH,Ê¿À¼Î¢,2011-11-03,5.0259,5.2086,5.5285,5.1553,5.3,35523526,500517823,0.2741,5.4545,14.0898,8.1836,6042393600,N/A,6042393600,434080000,0,434080000,23.6161,3.6428,3.9783,13.3128,
600460.SH,Ê¿À¼Î¢,2011-11-04,5.3,5.3495,5.3686,5.2048,5.2353,10637131,147343462,-0.0647,-1.2213,13.8518,2.4505,5968600000,N/A,5968600000,434080000,0,434080000,23.3277,3.5983,3.9297,13.1502,
600460.SH,Ê¿À¼Î¢,2011-11-07,5.2353,5.2505,5.4752,5.2239,5.2734,7962897,111289429,0.0381,0.7273,13.976,1.8344,6012008000,N/A,6012008000,434080000,0,434080000,23.4974,3.6245,3.9583,13.2459,
600460.SH,Ê¿À¼Î¢,2011-11-08,5.2734,5.2543,5.2848,5.064,5.0716,5309707,71952289,-0.2018,-3.8267,13.5511,1.2232,5781945600,N/A,5781945600,434080000,0,434080000,22.5982,3.4858,3.8068,12.739,
600460.SH,Ê¿À¼Î¢,2011-11-09,5.0716,5.0678,5.2429,5.0259,5.2353,5365176,72215867,0.1637,3.2282,13.4601,1.236,5968600000,N/A,5968600000,434080000,0,434080000,23.3277,3.5983,3.9297,13.1502,
600460.SH,Ê¿À¼Î¢,2011-11-10,5.2353,5.1363,5.2353,5.064,5.083,4106799,55553614,-0.1523,-2.9091,13.5272,0.9461,5794968000,N/A,5794968000,434080000,0,434080000,22.6491,3.4936,3.8154,12.7677,
600460.SH,Ê¿À¼Î¢,2011-11-11,5.083,5.1058,5.1706,5.0449,5.1058,2863588,38361965,0.0228,0.4494,13.3965,0.6597,5821012800,N/A,5821012800,434080000,0,434080000,22.7509,3.5093,3.8326,12.8251,
600460.SH,Ê¿À¼Î¢,2011-11-14,5.1058,5.1858,5.3838,5.1553,5.3,6392620,88722998,0.1942,3.8031,13.879,1.4727,6042393600,N/A,6042393600,434080000,0,434080000,23.6161,3.6428,3.9783,13.3128,
600460.SH,Ê¿À¼Î¢,2011-11-15,5.3,5.3,5.3153,5.2391,5.2886,4039563,55954992,-0.0114,-0.2155,13.8517,0.9306,6029371200,N/A,6029371200,434080000,0,434080000,23.5652,3.6349,3.9698,13.2841,
600460.SH,Ê¿À¼Î¢,2011-11-16,5.2886,5.2886,5.399,5.0678,5.1858,6361511,88157911,-0.1028,-1.9438,13.858,1.4655,5912169600,N/A,5912169600,434080000,0,434080000,23.1072,3.5643,3.8926,13.0259,
600460.SH,Ê¿À¼Î¢,2011-11-17,5.1858,5.1858,5.281,5.0678,5.1477,5217401,70819743,-0.0381,-0.7342,13.5738,1.2019,5868761600,N/A,5868761600,434080000,0,434080000,22.9375,3.5381,3.864,12.9303,
600460.SH,Ê¿À¼Î¢,2011-11-18,5.1477,5.0678,5.1058,4.8584,4.9535,4178908,54515158,-0.1942,-3.7722,13.0453,0.9627,5647380800,N/A,5647380800,434080000,0,434080000,22.0723,3.4046,3.7183,12.4425,
600460.SH,Ê¿À¼Î¢,2011-11-21,4.9535,4.9497,4.9612,4.7213,4.8622,3506833,44460325,-0.0914,-1.8447,12.6782,0.8079,5543201600,N/A,5543201600,434080000,0,434080000,21.6651,3.3418,3.6497,12.213,
600460.SH,Ê¿À¼Î¢,2011-11-22,4.8622,4.7936,4.8279,4.7213,4.7898,2980373,37296111,-0.0723,-1.4879,12.5139,0.6866,5460726400,N/A,5460726400,434080000,0,434080000,21.3427,3.2921,3.5954,12.0313,
600460.SH,Ê¿À¼Î¢,2011-11-23,4.7898,4.7898,4.8279,4.6984,4.767,2655024,33179385,-0.0228,-0.4769,12.4968,0.6116,5434681600,N/A,5434681600,434080000,0,434080000,21.241,3.2764,3.5782,11.9739,
600460.SH,Ê¿À¼Î¢,2011-11-24,4.767,4.7099,4.7746,4.569,4.7479,2894516,35600397,-0.019,-0.3994,12.2993,0.6668,5412977600,N/A,5412977600,434080000,0,434080000,21.1561,3.2633,3.5639,11.9261,
600460.SH,Ê¿À¼Î¢,2011-11-25,4.7479,4.7632,4.8165,4.6527,4.7022,2300408,28633682,-0.0457,-0.9623,12.4472,0.53,5360888000,N/A,5360888000,434080000,0,434080000,20.9525,3.2319,3.5296,11.8113,
600460.SH,Ê¿À¼Î¢,2011-11-28,4.7022,4.6984,4.8698,4.6527,4.8241,3232214,40417876,0.1218,2.5911,12.5047,0.7446,5499793600,N/A,5499793600,434080000,0,434080000,21.4954,3.3157,3.6211,12.1173,
600460.SH,Ê¿À¼Î¢,2011-11-29,4.8241,4.866,4.8926,4.7594,4.8736,4788823,60615603,0.0495,1.026,12.6577,1.1032,5556224000,N/A,5556224000,434080000,0,434080000,21.716,3.3497,3.6582,12.2417,
600460.SH,Ê¿À¼Î¢,2011-11-30,4.8736,4.8317,4.8317,4.4167,4.4243,5363685,64574296,-0.4493,-9.2188,12.0392,1.2356,5044009600,N/A,5044009600,434080000,0,434080000,19.714,3.0409,3.321,11.1131,
600460.SH,Ê¿À¼Î¢,2011-12-01,4.4243,4.588,4.6185,4.4395,4.4548,4467508,53396510,0.0305,0.6885,11.9522,1.0292,5078736000,N/A,5078736000,434080000,0,434080000,19.8498,3.0618,3.3439,11.1896,
600460.SH,Ê¿À¼Î¢,2011-12-02,4.4548,4.4281,4.4471,4.2301,4.3329,2597276,29509997,-0.1218,-2.735,11.3619,0.5983,4939830400,N/A,4939830400,434080000,0,434080000,19.3069,2.9781,3.2524,10.8836,
600460.SH,Ê¿À¼Î¢,2011-12-05,4.3329,4.3215,4.3215,4.1425,4.1578,2149027,23734635,-0.1751,-4.0422,11.0444,0.4951,4740153600,N/A,4740153600,434080000,0,434080000,18.5265,2.8577,3.1209,10.4437,
600460.SH,Ê¿À¼Î¢,2011-12-06,4.1578,4.1425,4.1806,4.074,4.1654,2028753,22032386,0.0076,0.1832,10.8601,0.4674,4748835200,N/A,4748835200,434080000,0,434080000,18.5604,2.8629,3.1266,10.4628,
600460.SH,Ê¿À¼Î¢,2011-12-07,4.1654,4.1502,4.2035,4.1121,4.1616,2067213,22509599,-0.0038,-0.0914,10.8889,0.4762,4744494400,N/A,4744494400,434080000,0,434080000,18.5434,2.8603,3.1238,10.4532,
600460.SH,Ê¿À¼Î¢,2011-12-08,4.1616,4.1502,4.253,4.0207,4.192,3786956,40956224,0.0305,0.7319,10.8151,0.8724,4779220800,N/A,4779220800,434080000,0,434080000,18.6791,2.8813,3.1467,10.5297,
600460.SH,Ê¿À¼Î¢,2011-12-09,4.192,4.1197,4.1502,4.0169,4.0207,3401731,36384356,-0.1713,-4.0872,10.6958,0.7837,4583884800,N/A,4583884800,434080000,0,434080000,17.9157,2.7635,3.018,10.0994,
600460.SH,Ê¿À¼Î¢,2011-12-12,4.0207,3.9979,4.0588,3.9217,3.9293,2025402,21241625,-0.0914,-2.2727,10.4876,0.4666,4479705600,N/A,4479705600,434080000,0,434080000,17.5085,2.7007,2.9495,9.8698,
600460.SH,Ê¿À¼Î¢,2011-12-13,3.9293,3.8684,3.9027,3.7009,3.7351,3016809,30058483,-0.1942,-4.9419,9.9637,0.695,4258324800,N/A,4258324800,434080000,0,434080000,16.6433,2.5672,2.8037,9.3821,
600460.SH,Ê¿À¼Î¢,2011-12-14,3.7351,3.6628,3.7961,3.6628,3.6818,1502630,14727526,-0.0533,-1.4271,9.8012,0.3462,4197553600,N/A,4197553600,434080000,0,434080000,16.4058,2.5306,2.7637,9.2482,
600460.SH,Ê¿À¼Î¢,2011-12-15,3.6818,3.678,3.7694,3.3544,3.381,11596632,109254110,-0.3008,-8.1696,9.4212,2.6715,3854630400,N/A,3854630400,434080000,0,434080000,15.0655,2.3238,2.5379,8.4927,
600460.SH,Ê¿À¼Î¢,2011-12-16,3.381,3.362,3.5219,3.3468,3.5219,3611532,32432955,0.1409,4.1667,8.9804,0.832,4015240000,N/A,4015240000,434080000,0,434080000,15.6932,2.4207,2.6436,8.8465,
600460.SH,Ê¿À¼Î¢,2011-12-19,3.5219,3.4839,3.6019,3.3887,3.5981,4878670,44853182,0.0761,2.1622,9.1937,1.1239,4102056000,N/A,4102056000,434080000,0,434080000,16.0325,2.473,2.7008,9.0378,
600460.SH,Ê¿À¼Î¢,2011-12-20,3.5981,3.5486,3.6285,3.5029,3.5105,3093090,28979341,-0.0876,-2.4339,9.3691,0.7126,4002217600,N/A,4002217600,434080000,0,434080000,15.6423,2.4128,2.6351,8.8178,
600460.SH,Ê¿À¼Î¢,2011-12-21,3.5105,3.5524,3.6171,3.362,3.4077,3240950,30008858,-0.1028,-2.9284,9.2593,0.7466,3885016000,N/A,3885016000,434080000,0,434080000,15.1842,2.3422,2.5579,8.5596,
600460.SH,Ê¿À¼Î¢,2011-12-22,3.4077,3.4115,3.5143,3.2554,3.4344,3165021,28001087,0.0267,0.7821,8.847,0.7291,3915401600,N/A,3915401600,434080000,0,434080000,15.303,2.3605,2.5779,8.6265,
600460.SH,Ê¿À¼Î¢,2011-12-23,3.4344,3.4229,3.5448,3.3506,3.4839,3394920,31118370,0.0495,1.4412,9.1662,0.7821,3971832000,N/A,3971832000,434080000,0,434080000,15.5235,2.3945,2.6151,8.7509,
600460.SH,Ê¿À¼Î¢,2011-12-26,3.4839,3.48,3.5524,3.4344,3.5029,2827562,26033487,0.019,0.5464,9.207,0.6514,3993536000,N/A,3993536000,434080000,0,434080000,15.6084,2.4076,2.6294,8.7987,
600460.SH,Ê¿À¼Î¢,2011-12-27,3.5029,3.4762,3.5257,3.3696,3.3734,3241948,29429068,-0.1295,-3.6957,9.0776,0.7469,3845948800,N/A,3845948800,434080000,0,434080000,15.0315,2.3186,2.5322,8.4735,
600460.SH,Ê¿À¼Î¢,2011-12-28,3.3734,3.3696,3.442,3.2249,3.3582,3416496,29613499,-0.0152,-0.4515,8.6678,0.7871,3828585600,N/A,3828585600,434080000,0,434080000,14.9637,2.3081,2.5208,8.4353,
600460.SH,Ê¿À¼Î¢,2011-12-29,3.3582,3.3125,3.4077,3.2935,3.3696,1934950,17164569,0.0114,0.3401,8.8708,0.4458,3841608000,N/A,3841608000,434080000,0,434080000,15.0146,2.316,2.5293,8.464,
600460.SH,Ê¿À¼Î¢,2011-12-30,3.3696,3.3849,3.442,3.3658,3.3734,5488648,49014843,0.0038,0.113,8.9302,1.2644,3845948800,N/A,3845948800,434080000,0,434080000,15.0315,2.3186,2.5322,8.4735,
600460.SH,Ê¿À¼Î¢,2012-01-04,3.3734,3.3887,3.4077,3.1945,3.1983,4273188,37107207,-0.1751,-5.1919,8.6837,0.9844,3646272000,N/A,3646272000,434080000,0,434080000,23.7974,2.1328,2.3585,-25.0048,
600460.SH,Ê¿À¼Î¢,2012-01-05,3.1983,3.1793,3.1831,3.027,3.0574,3318875,27053034,-0.1409,-4.4048,8.1513,0.7646,3485662400,N/A,3485662400,434080000,0,434080000,22.7492,2.0388,2.2546,-23.9034,
600460.SH,Ê¿À¼Î¢,2012-01-06,3.0574,3.0422,3.145,2.9356,3.0993,2584097,20540813,0.0419,1.3699,7.9489,0.5953,3533411200,N/A,3533411200,434080000,0,434080000,23.0608,2.0668,2.2855,-24.2308,
600460.SH,Ê¿À¼Î¢,2012-01-09,3.0993,3.1221,3.3696,3.0879,3.3277,4797984,40710971,0.2284,7.371,8.485,1.1053,3793859200,N/A,3793859200,434080000,0,434080000,24.7606,2.2191,2.454,-26.0169,
600460.SH,Ê¿À¼Î¢,2012-01-10,3.3277,3.2973,3.5333,3.2935,3.4762,5470068,49272593,0.1485,4.4622,9.0077,1.2602,3963150400,N/A,3963150400,434080000,0,434080000,25.8655,2.3181,2.5635,-27.1778,
600460.SH,Ê¿À¼Î¢,2012-01-11,3.4762,3.4648,3.6019,3.4496,3.5181,4525445,41819356,0.0419,1.2048,9.2409,1.0425,4010899200,N/A,4010899200,434080000,0,434080000,26.1771,2.3461,2.5944,-27.5053,
600460.SH,Ê¿À¼Î¢,2012-01-12,3.5181,3.5143,3.6057,3.4762,3.5333,4111514,38166153,0.0152,0.4329,9.2827,0.9472,4028262400,N/A,4028262400,434080000,0,434080000,26.2905,2.3562,2.6056,-27.6243,
600460.SH,Ê¿À¼Î¢,2012-01-13,3.5333,3.56,3.56,3.3049,3.4001,5139008,46014818,-0.1333,-3.7716,8.954,1.1839,3876334400,N/A,3876334400,434080000,0,434080000,25.2989,2.2674,2.5073,-26.5825,
600460.SH,Ê¿À¼Î¢,2012-01-16,3.4001,3.362,3.3849,3.2059,3.2249,2716870,23583938,-0.1751,-5.1512,8.6806,0.6259,3676657600,N/A,3676657600,434080000,0,434080000,23.9957,2.1506,2.3782,-25.2132,
600460.SH,Ê¿À¼Î¢,2012-01-17,3.2249,3.263,3.4724,3.1983,3.4382,3032561,26718449,0.2132,6.6116,8.8105,0.6986,3919742400,N/A,3919742400,434080000,0,434080000,25.5822,2.2927,2.5354,-26.8801,
600460.SH,Ê¿À¼Î¢,2012-01-18,3.4382,3.4572,3.6133,3.4115,3.4229,5844264,54158868,-0.0152,-0.443,9.267,1.3464,3902379200,N/A,3902379200,434080000,0,434080000,25.4689,2.2826,2.5242,-26.7611,
600460.SH,Ê¿À¼Î¢,2012-01-19,3.4229,3.4229,3.541,3.3696,3.4915,4173623,37952392,0.0685,2.0022,9.0934,0.9615,3980513600,N/A,3980513600,434080000,0,434080000,25.9788,2.3283,2.5747,-27.2969,
600460.SH,Ê¿À¼Î¢,2012-01-20,3.4915,3.5067,3.6057,3.4686,3.541,3418437,31824855,0.0495,1.4177,9.3098,0.7875,4036944000,N/A,4036944000,434080000,0,434080000,26.3471,2.3613,2.6112,-27.6839,
600460.SH,Ê¿À¼Î¢,2012-01-30,3.541,3.5448,3.6095,3.4762,3.5067,2641195,24501840,-0.0343,-0.9677,9.2768,0.6085,3997876800,N/A,3997876800,434080000,0,434080000,26.0921,2.3385,2.586,-27.416,
600460.SH,Ê¿À¼Î¢,2012-01-31,3.5067,3.5067,3.5219,3.4382,3.4877,1501136,13684620,-0.019,-0.5429,9.1162,0.3458,3976172800,N/A,3976172800,434080000,0,434080000,25.9505,2.3258,2.5719,-27.2671,
600460.SH,Ê¿À¼Î¢,2012-02-01,3.4877,3.4648,3.5257,3.4382,3.461,3112383,28494557,-0.0267,-0.7642,9.1552,0.717,3945787200,N/A,3945787200,434080000,0,434080000,25.7522,2.308,2.5523,-27.0587,
600460.SH,Ê¿À¼Î¢,2012-02-02,3.461,3.4686,3.5295,3.4039,3.5105,4849294,44134068,0.0495,1.4301,9.1011,1.1171,4002217600,N/A,4002217600,434080000,0,434080000,26.1205,2.341,2.5888,-27.4457,
600460.SH,Ê¿À¼Î¢,2012-02-03,3.5105,3.5219,3.8075,3.4953,3.8037,10552061,101225971,0.2932,8.3514,9.593,2.4309,4336459200,N/A,4336459200,434080000,0,434080000,28.3019,2.5365,2.805,-29.7378,
600460.SH,Ê¿À¼Î¢,2012-02-06,3.8037,3.7656,4.0359,3.758,3.975,15346111,157301374,0.1713,4.5045,10.2502,3.5353,4531795200,N/A,4531795200,434080000,0,434080000,29.5768,2.6508,2.9313,-31.0774,
600460.SH,Ê¿À¼Î¢,2012-02-07,3.975,3.9027,3.9369,3.8341,3.8836,4743001,48272339,-0.0914,-2.2989,10.1776,1.0927,4427616000,N/A,4427616000,434080000,0,434080000,28.8968,2.5898,2.8639,-30.363,
600460.SH,Ê¿À¼Î¢,2012-02-08,3.8836,3.9179,3.9788,3.8532,3.9712,3841169,39641667,0.0876,2.2549,10.3202,0.8849,4527454400,N/A,4527454400,434080000,0,434080000,29.5484,2.6482,2.9285,-31.0476,
600460.SH,Ê¿À¼Î¢,2012-02-09,3.9712,3.9598,4.0626,3.8874,3.9141,5095722,53348618,-0.0571,-1.4382,10.4693,1.1739,4462342400,N/A,4462342400,434080000,0,434080000,29.1235,2.6101,2.8864,-30.6011,
600460.SH,Ê¿À¼Î¢,2012-02-10,3.9141,3.9141,3.9598,3.8722,3.8913,2674087,27464890,-0.0228,-0.5837,10.2708,0.616,4436297600,N/A,4436297600,434080000,0,434080000,28.9535,2.5949,2.8696,-30.4225,
600460.SH,Ê¿À¼Î¢,2012-02-13,3.8913,3.8798,4.1387,3.8075,4.0397,8071568,84882168,0.1485,3.816,10.5162,1.8595,4605588800,N/A,4605588800,434080000,0,434080000,30.0584,2.6939,2.9791,-31.5834,
600460.SH,Ê¿À¼Î¢,2012-02-14,4.0397,3.9979,4.0854,3.9674,3.9864,4809645,50583446,-0.0533,-1.3195,10.5171,1.108,4544817600,N/A,4544817600,434080000,0,434080000,29.6618,2.6584,2.9397,-31.1667,
600460.SH,Ê¿À¼Î¢,2012-02-15,3.9864,3.9598,4.1007,3.9598,4.0512,4559394,48431203,0.0647,1.6237,10.6223,1.0504,4618611200,N/A,4618611200,434080000,0,434080000,30.1434,2.7015,2.9875,-31.6727,
600460.SH,Ê¿À¼Î¢,2012-02-16,4.0512,4.0512,4.1806,4.0283,4.0626,5050164,54454174,0.0114,0.282,10.7827,1.1634,4631633600,N/A,4631633600,434080000,0,434080000,30.2284,2.7091,2.9959,-31.762,
600460.SH,Ê¿À¼Î¢,2012-02-17,4.0626,4.074,4.093,3.9027,3.9598,4047822,42324040,-0.1028,-2.5305,10.456,0.9325,4514432000,N/A,4514432000,434080000,0,434080000,29.4634,2.6406,2.9201,-30.9583,
600460.SH,Ê¿À¼Î¢,2012-02-20,3.9598,4.0359,4.055,3.9027,3.9179,3731706,38924071,-0.0419,-1.0577,10.4306,0.8597,4466683200,N/A,4466683200,434080000,0,434080000,29.1518,2.6127,2.8892,-30.6309,
600460.SH,Ê¿À¼Î¢,2012-02-21,3.9179,3.9293,4.0283,3.8913,4.0245,2873827,29912873,0.1066,2.7211,10.4087,0.6621,4588225600,N/A,4588225600,434080000,0,434080000,29.9451,2.6838,2.9678,-31.4644,
600460.SH,Ê¿À¼Î¢,2012-02-22,4.0245,4.0093,4.2948,4.0093,4.2415,9307818,101837417,0.217,5.3926,10.9411,2.1443,4835651200,N/A,4835651200,434080000,0,434080000,31.5599,2.8285,3.1279,-33.1611,
600460.SH,Ê¿À¼Î¢,2012-02-23,4.2415,4.192,4.253,4.1273,4.1692,6408580,70339009,-0.0723,-1.7056,10.9758,1.4764,4753176000,N/A,4753176000,434080000,0,434080000,31.0216,2.7802,3.0745,-32.5955,
600460.SH,Ê¿À¼Î¢,2012-02-24,4.1692,4.1959,4.2339,4.1311,4.2073,3931797,43221106,0.0381,0.9132,10.9927,0.9058,4796584000,N/A,4796584000,434080000,0,434080000,31.3049,2.8056,3.1026,-32.8932,
600460.SH,Ê¿À¼Î¢,2012-02-27,4.2073,4.2453,4.3938,4.2187,4.2377,7606969,86222342,0.0305,0.724,11.3347,1.7524,4831310400,N/A,4831310400,434080000,0,434080000,31.5315,2.8259,3.1251,-33.1313,
600460.SH,Ê¿À¼Î¢,2012-02-28,4.2377,4.2073,4.272,4.1273,4.192,5608873,61642219,-0.0457,-1.0782,10.9901,1.2921,4779220800,N/A,4779220800,434080000,0,434080000,31.1916,2.7955,3.0914,-32.7741,
600460.SH,Ê¿À¼Î¢,2012-02-29,4.192,4.2263,4.2644,4.0283,4.0359,5784353,62981016,-0.1561,-3.7239,10.8882,1.3326,4601248000,N/A,4601248000,434080000,0,434080000,30.03,2.6914,2.9762,-31.5537,
600460.SH,Ê¿À¼Î¢,2012-03-01,4.0359,4.0245,4.1768,4.0017,4.1159,6085568,65986448,0.08,1.9811,10.8431,1.4019,4692404800,N/A,4692404800,434080000,0,434080000,30.625,2.7447,3.0352,-32.1788,
600460.SH,Ê¿À¼Î¢,2012-03-02,4.1159,4.1159,4.2339,4.1045,4.2263,5282325,58189716,0.1104,2.6827,11.0159,1.2169,4818288000,N/A,4818288000,434080000,0,434080000,31.4466,2.8183,3.1166,-33.042,
600460.SH,Ê¿À¼Î¢,2012-03-05,4.2263,4.2263,4.2263,4.2263,4.2263,N/A,N/A,0,0,N/A,N/A,4818288000,N/A,4818288000,434080000,0,434080000,31.4466,2.8183,3.1166,-33.042,
600460.SH,Ê¿À¼Î¢,2012-03-06,4.2263,4.6489,4.6489,4.6489,4.6489,25826166,315337487,0.4226,10,12.21,5.9496,5300116800,N/A,5300116800,434080000,0,434080000,34.5912,3.1002,3.4283,-36.3462,
600460.SH,Ê¿À¼Î¢,2012-03-07,4.6489,4.7594,4.8545,4.6413,4.6946,47567266,591920881,0.0457,0.9828,12.4439,10.9582,5352206400,N/A,5352206400,434080000,0,434080000,34.9312,3.1306,3.462,-36.7035,
600460.SH,Ê¿À¼Î¢,2012-03-08,4.6946,4.7061,4.7289,4.6071,4.668,21202856,259515050,-0.0267,-0.5677,12.2396,4.8846,5321820800,N/A,5321820800,434080000,0,434080000,34.7329,3.1129,3.4423,-36.4951,
600460.SH,Ê¿À¼Î¢,2012-03-09,4.668,4.6794,5.0297,4.6489,4.9155,33151866,422169151,0.2475,5.3018,12.7344,7.6373,5603972800,N/A,5603972800,434080000,0,434080000,36.5743,3.2779,3.6248,-38.43,
600460.SH,Ê¿À¼Î¢,2012-03-12,4.9155,4.9002,5.1173,4.8393,5.0716,24846074,325250948,0.1561,3.1758,13.0906,5.7238,5781945600,N/A,5781945600,434080000,0,434080000,37.7359,3.382,3.74,-39.6504,
600460.SH,Ê¿À¼Î¢,2012-03-13,5.0716,5.0944,5.0944,4.9688,5.0563,15442113,203465046,-0.0152,-0.3003,13.176,3.5574,5764582400,N/A,5764582400,434080000,0,434080000,37.6225,3.3718,3.7287,-39.5314,
600460.SH,Ê¿À¼Î¢,2012-03-14,5.0563,5.0297,5.1668,4.6413,4.7403,24193375,314691674,-0.316,-6.25,13.0073,5.5735,5404296000,N/A,5404296000,434080000,0,434080000,35.2711,3.1611,3.4957,-37.0607,
600460.SH,Ê¿À¼Î¢,2012-03-15,4.7403,4.7632,4.9345,4.6946,4.8203,17087784,216213093,0.08,1.6867,12.6531,3.9366,5495452800,N/A,5495452800,434080000,0,434080000,35.8661,3.2144,3.5547,-37.6858,
600460.SH,Ê¿À¼Î¢,2012-03-16,4.8203,4.8241,4.904,4.6946,4.8964,13477580,170661456,0.0761,1.5798,12.6626,3.1049,5582268800,N/A,5582268800,434080000,0,434080000,36.4327,3.2652,3.6108,-38.2811,
600460.SH,Ê¿À¼Î¢,2012-03-19,4.8964,4.8355,5.0068,4.8089,4.9497,14498988,188003419,0.0533,1.0886,12.9667,3.3402,5643040000,N/A,5643040000,434080000,0,434080000,36.8293,3.3007,3.6501,-38.6979,
600460.SH,Ê¿À¼Î¢,2012-03-20,4.9497,4.9117,4.9117,4.687,4.7022,11123195,139570151,-0.2475,-5,12.5477,2.5625,5360888000,N/A,5360888000,434080000,0,434080000,34.9878,3.1357,3.4676,-36.763,
600460.SH,Ê¿À¼Î¢,2012-03-21,4.7022,4.7289,4.767,4.5271,4.6527,10368640,126357456,-0.0495,-1.0526,12.1865,2.3886,5304457600,N/A,5304457600,434080000,0,434080000,34.6195,3.1027,3.4311,-36.376,
600460.SH,Ê¿À¼Î¢,2012-03-22,4.6527,4.6109,4.6756,4.6109,4.6489,4885458,59578876,-0.0038,-0.0818,12.1951,1.1255,5300116800,N/A,5300116800,434080000,0,434080000,34.5912,3.1002,3.4283,-36.3462,
600460.SH,Ê¿À¼Î¢,2012-03-23,4.6489,4.6261,4.6984,4.4395,4.4738,6878570,82589682,-0.1751,-3.7674,12.0068,1.5846,5100440000,N/A,5100440000,434080000,0,434080000,33.288,2.9834,3.2991,-34.9769,
600460.SH,Ê¿À¼Î¢,2012-03-26,4.4738,4.47,4.5081,4.3443,4.4129,4976140,57716957,-0.0609,-1.3617,11.5987,1.1464,5030987200,N/A,5030987200,434080000,0,434080000,32.8347,2.9427,3.2542,-34.5006,
600460.SH,Ê¿À¼Î¢,2012-03-27,4.4129,4.4395,4.4852,4.3634,4.3748,3557885,41489323,-0.0381,-0.8628,11.6612,0.8196,4987579200,N/A,4987579200,434080000,0,434080000,32.5514,2.9174,3.2261,-34.203,
600460.SH,Ê¿À¼Î¢,2012-03-28,4.3748,4.3786,4.4015,4.1882,4.2187,7236859,81646690,-0.1561,-3.5683,11.2821,1.6672,4809606400,N/A,4809606400,434080000,0,434080000,31.3899,2.8132,3.111,-32.9825,
600460.SH,Ê¿À¼Î¢,2012-03-29,4.2187,4.1578,4.2301,4.074,4.1159,5425343,59112926,-0.1028,-2.4368,10.8957,1.2498,4692404800,N/A,4692404800,434080000,0,434080000,30.625,2.7447,3.0352,-32.1788,
600460.SH,Ê¿À¼Î¢,2012-03-30,4.1159,4.1311,4.2111,4.0854,4.1882,7170808,78241448,0.0723,1.7576,10.9111,1.652,4774880000,N/A,4774880000,434080000,0,434080000,31.1633,2.7929,3.0886,-32.7444,
600460.SH,Ê¿À¼Î¢,2012-04-05,4.1882,4.1768,4.3976,4.1692,4.3634,7688832,87315484,0.1751,4.1818,11.3561,1.7713,4974556800,N/A,4974556800,434080000,0,434080000,32.4664,2.9097,3.2177,-34.1137,
600460.SH,Ê¿À¼Î¢,2012-04-06,4.3634,4.3405,4.4281,4.3025,4.3558,4922052,56540673,-0.0076,-0.1745,11.4872,1.1339,4965875200,N/A,4965875200,434080000,0,434080000,32.4098,2.9047,3.2121,-34.0541,
600460.SH,Ê¿À¼Î¢,2012-04-09,4.3558,4.3405,4.3405,4.1806,4.1882,3861860,43196111,-0.1675,-3.8462,11.1853,0.8897,4774880000,N/A,4774880000,434080000,0,434080000,31.1633,2.7929,3.0886,-32.7444,
600460.SH,Ê¿À¼Î¢,2012-04-10,4.1882,4.1882,4.2682,4.0588,4.2644,4460878,48669823,0.0761,1.8182,10.9104,1.0277,4861696000,N/A,4861696000,434080000,0,434080000,31.7299,2.8437,3.1447,-33.3397,
600460.SH,Ê¿À¼Î¢,2012-04-11,4.2644,4.1768,4.3025,4.1464,4.2987,4318756,48236558,0.0343,0.8036,11.1691,0.9949,4900763200,N/A,4900763200,434080000,0,434080000,31.9848,2.8666,3.17,-33.6076,
600460.SH,Ê¿À¼Î¢,2012-04-12,4.2987,4.2834,4.4243,4.2796,4.3976,6548846,74761524,0.099,2.3029,11.416,1.5087,5013624000,N/A,5013624000,434080000,0,434080000,32.7214,2.9326,3.243,-34.3816,
600460.SH,Ê¿À¼Î¢,2012-04-13,4.3976,4.3215,4.3329,4.1578,4.2948,13574309,151661589,-0.1028,-2.3377,11.1727,3.1271,4896422400,N/A,4896422400,434080000,0,434080000,31.9565,2.864,3.1672,-33.5779,
600460.SH,Ê¿À¼Î¢,2012-04-16,4.2948,4.2187,4.2568,4.1882,4.2073,4716503,52309014,-0.0876,-2.039,11.0906,1.0866,4796584000,N/A,4796584000,434080000,0,434080000,31.3049,2.8056,3.1026,-32.8932,
600460.SH,Ê¿À¼Î¢,2012-04-17,4.2073,4.1844,4.2415,4.1464,4.1502,3803999,41873440,-0.0571,-1.3575,11.0077,0.8763,4731472000,N/A,4731472000,434080000,0,434080000,30.88,2.7675,3.0605,-32.4467,
600460.SH,Ê¿À¼Î¢,2012-04-18,4.1502,4.1692,4.2453,4.0664,4.2377,7074283,77196085,0.0876,2.1101,10.9122,1.6297,4831310400,N/A,4831310400,434080000,0,434080000,31.5315,2.8259,3.1251,-33.1313,
600460.SH,Ê¿À¼Î¢,2012-04-19,4.2377,4.2263,4.253,4.1882,4.1959,3609505,39942726,-0.0419,-0.9883,11.066,0.8315,4783561600,N/A,4783561600,434080000,0,434080000,31.2199,2.798,3.0942,-32.8039,
600460.SH,Ê¿À¼Î¢,2012-04-20,4.1959,4.1959,4.1959,4.1959,4.1959,N/A,N/A,0,0,N/A,N/A,4783561600,N/A,4783561600,434080000,0,434080000,31.2199,2.798,3.0942,-32.8039,
600460.SH,Ê¿À¼Î¢,2012-04-23,4.1959,4.2187,4.2796,4.074,4.1007,5934366,64974472,-0.0952,-2.2686,10.9488,1.3671,4675041600,N/A,4675041600,434080000,0,434080000,30.5117,2.7345,3.024,-32.0597,
600460.SH,Ê¿À¼Î¢,2012-04-24,4.1007,4.0588,4.0892,3.7428,3.8646,7144916,72782340,-0.2361,-5.7567,10.1866,1.646,4405912000,N/A,4405912000,434080000,0,434080000,28.7552,2.5771,2.8499,-30.2141,
600460.SH,Ê¿À¼Î¢,2012-04-25,3.8646,3.8075,3.9217,3.7884,3.9027,5057988,51080847,0.0381,0.9852,10.099,1.1652,4449320000,N/A,4449320000,434080000,0,434080000,29.0385,2.6025,2.878,-30.5118,
600460.SH,Ê¿À¼Î¢,2012-04-26,3.9027,3.8913,3.9065,3.8265,3.8341,3803122,38603386,-0.0685,-1.7561,10.1504,0.8761,4371185600,N/A,4371185600,434080000,0,434080000,28.5285,2.5568,2.8274,-29.976,
600460.SH,Ê¿À¼Î¢,2012-04-27,3.8341,3.876,3.9484,3.8418,3.8913,3245061,33244249,0.0571,1.4896,10.2446,0.7476,4436297600,N/A,4436297600,434080000,0,434080000,28.9535,2.5949,2.8696,-30.4225,
600460.SH,Ê¿À¼Î¢,2012-05-02,3.8913,3.956,4.0093,3.9027,3.9788,3434246,35840605,0.0876,2.2505,10.4362,0.7912,4536136000,N/A,4536136000,434080000,0,434080000,29.6051,2.6533,2.9341,-31.1071,
600460.SH,Ê¿À¼Î¢,2012-05-03,3.9788,3.9788,3.9979,3.9217,3.9446,2909733,30187270,-0.0343,-0.8612,10.3746,0.6703,4497068800,N/A,4497068800,434080000,0,434080000,29.3501,2.6304,2.9089,-30.8392,
600460.SH,Ê¿À¼Î¢,2012-05-04,3.9446,3.9902,4.0892,3.9788,4.0702,4585066,48637139,0.1256,3.1853,10.6077,1.0563,4640315200,N/A,4640315200,434080000,0,434080000,30.285,2.7142,3.0015,-31.8216,
600460.SH,Ê¿À¼Î¢,2012-05-07,4.0702,4.0702,4.2682,4.0245,4.2606,8243306,90402633,0.1904,4.6773,10.9668,1.899,4857355200,N/A,4857355200,434080000,0,434080000,31.7015,2.8412,3.1419,-33.3099,
600460.SH,Ê¿À¼Î¢,2012-05-08,4.2606,4.2568,4.2568,4.1616,4.173,5879739,64810336,-0.0876,-2.0554,11.0227,1.3545,4757516800,N/A,4757516800,434080000,0,434080000,31.0499,2.7828,3.0773,-32.6253,
600460.SH,Ê¿À¼Î¢,2012-05-09,4.173,4.1273,4.1425,4.0397,4.0588,3971871,42600586,-0.1142,-2.7372,10.7256,0.915,4627292800,N/A,4627292800,434080000,0,434080000,30.2,2.7066,2.9931,-31.7323,
600460.SH,Ê¿À¼Î¢,2012-05-10,4.0588,4.055,4.1273,4.055,4.0854,2478022,26604859,0.0267,0.6567,10.7363,0.5709,4657678400,N/A,4657678400,434080000,0,434080000,30.3983,2.7244,3.0128,-31.9406,
600460.SH,Ê¿À¼Î¢,2012-05-11,4.0854,4.1121,4.1311,4.0588,4.0702,2717780,29211973,-0.0152,-0.3728,10.7485,0.6261,4640315200,N/A,4640315200,434080000,0,434080000,30.285,2.7142,3.0015,-31.8216,
600460.SH,Ê¿À¼Î¢,2012-05-14,4.0702,4.093,4.1083,4.0093,4.0321,2959100,31547908,-0.0381,-0.9355,10.6613,0.6817,4596907200,N/A,4596907200,434080000,0,434080000,30.0017,2.6888,2.9734,-31.5239,
600460.SH,Ê¿À¼Î¢,2012-05-15,4.0321,3.9979,4.154,3.9598,4.1502,3644527,38934545,0.118,2.9273,10.683,0.8396,4731472000,N/A,4731472000,434080000,0,434080000,30.88,2.7675,3.0605,-32.4467,
600460.SH,Ê¿À¼Î¢,2012-05-16,4.1502,4.1502,4.1654,4.0664,4.1083,2776241,30032311,-0.0419,-1.0092,10.8176,0.6396,4683723200,N/A,4683723200,434080000,0,434080000,30.5683,2.7396,3.0296,-32.1192,
600460.SH,Ê¿À¼Î¢,2012-05-17,4.1083,4.1425,4.1692,4.0854,4.1502,3448777,37448973,0.0419,1.0195,10.8586,0.7945,4731472000,N/A,4731472000,434080000,0,434080000,30.88,2.7675,3.0605,-32.4467,
600460.SH,Ê¿À¼Î¢,2012-05-18,4.1502,4.1159,4.1159,3.9674,3.9826,3831780,40684149,-0.1675,-4.0367,10.6176,0.8827,4540476800,N/A,4540476800,434080000,0,434080000,29.6334,2.6558,2.9369,-31.1369,
600460.SH,Ê¿À¼Î¢,2012-05-21,3.9826,3.9788,3.9979,3.8798,3.9141,2114567,21838607,-0.0685,-1.7208,10.3277,0.4871,4462342400,N/A,4462342400,434080000,0,434080000,29.1235,2.6101,2.8864,-30.6011,
600460.SH,Ê¿À¼Î¢,2012-05-22,3.9141,3.9636,4.0436,3.956,3.9941,3530363,37049029,0.08,2.0428,10.4944,0.8133,4553499200,N/A,4553499200,434080000,0,434080000,29.7184,2.6634,2.9454,-31.2262,
600460.SH,Ê¿À¼Î¢,2012-05-23,3.9941,4.0131,4.0131,3.8836,3.9369,2864986,29663633,-0.0571,-1.4299,10.3538,0.66,4488387200,N/A,4488387200,434080000,0,434080000,29.2935,2.6254,2.9032,-30.7797,
600460.SH,Ê¿À¼Î¢,2012-05-24,3.9369,3.9369,4.0207,3.9141,3.9598,3004162,31393799,0.0228,0.5803,10.4501,0.6921,4514432000,N/A,4514432000,434080000,0,434080000,29.4634,2.6406,2.9201,-30.9583,
600460.SH,Ê¿À¼Î¢,2012-05-25,3.9598,3.9598,3.9598,3.7884,3.8456,3763192,38096974,-0.1142,-2.8846,10.1236,0.8669,4384208000,N/A,4384208000,434080000,0,434080000,28.6135,2.5644,2.8359,-30.0653,
600460.SH,Ê¿À¼Î¢,2012-05-28,3.8456,3.8379,3.8456,3.7199,3.8341,3181006,31640038,-0.0114,-0.297,9.9466,0.7328,4371185600,N/A,4371185600,434080000,0,434080000,28.5285,2.5568,2.8274,-29.976,
600460.SH,Ê¿À¼Î¢,2012-05-29,3.8341,3.8646,4.0169,3.8456,3.9712,4609491,47966450,0.1371,3.575,10.406,1.0619,4527454400,N/A,4527454400,434080000,0,434080000,29.5484,2.6482,2.9285,-31.0476,
600460.SH,Ê¿À¼Î¢,2012-05-30,3.9712,3.9826,4.1502,3.9712,4.1464,8247250,88294612,0.1751,4.4104,10.7059,1.8999,4727131200,N/A,4727131200,434080000,0,434080000,30.8516,2.765,3.0577,-32.4169,
600460.SH,Ê¿À¼Î¢,2012-05-31,4.1464,4.1045,4.2073,4.093,4.1083,6528310,70915765,-0.0381,-0.9183,10.8628,1.5039,4683723200,N/A,4683723200,434080000,0,434080000,30.5683,2.7396,3.0296,-32.1192,
600460.SH,Ê¿À¼Î¢,2012-06-01,4.1083,4.1083,4.1083,4.1083,4.1083,N/A,N/A,0,0,N/A,N/A,4683723200,N/A,4683723200,434080000,0,434080000,30.5683,2.7396,3.0296,-32.1192,
600460.SH,Ê¿À¼Î¢,2012-06-04,4.1083,4.1083,4.1083,4.1083,4.1083,N/A,N/A,0,0,N/A,N/A,4683723200,N/A,4683723200,434080000,0,434080000,30.5683,2.7396,3.0296,-32.1192,
600460.SH,Ê¿À¼Î¢,2012-06-05,4.1083,4.1083,4.1083,4.1083,4.1083,N/A,N/A,0,0,N/A,N/A,4683723200,N/A,4683723200,434080000,0,434080000,30.5683,2.7396,3.0296,-32.1192,
600460.SH,Ê¿À¼Î¢,2012-06-06,4.1083,4.1083,4.1083,4.1083,4.1083,N/A,N/A,0,0,N/A,N/A,4683723200,N/A,4683723200,434080000,0,434080000,30.5683,2.7396,3.0296,-32.1192,
600460.SH,Ê¿À¼Î¢,2012-06-07,4.1083,4.1083,4.1083,4.1083,4.1083,N/A,N/A,0,0,N/A,N/A,4683723200,N/A,4683723200,434080000,0,434080000,30.5683,2.7396,3.0296,-32.1192,
600460.SH,Ê¿À¼Î¢,2012-06-08,4.1083,4.074,4.074,3.8456,3.8951,5367231,55965840,-0.2132,-5.19,10.4273,1.2365,4440638400,N/A,4440638400,434080000,0,434080000,28.9818,2.5974,2.8724,-30.4523,
600460.SH,Ê¿À¼Î¢,2012-06-11,3.8951,3.9335,3.9949,3.9104,3.9872,3861728,19874523,0.0922,2.3669,5.1465,0.4448,4505750400,N/A,4505750400,868160000,0,868160000,29.4068,2.6355,2.9145,-30.8988,
600460.SH,Ê¿À¼Î¢,2012-06-12,3.9872,3.9412,3.9412,3.8413,3.8566,5235535,26444490,-0.1306,-3.2755,5.051,0.6031,4358163200,N/A,4358163200,868160000,0,868160000,28.4436,2.5492,2.819,-29.8867,
600460.SH,Ê¿À¼Î¢,2012-06-13,3.8566,3.8643,3.8951,3.7491,3.8029,11104687,54776061,-0.0538,-1.3944,4.9327,1.2791,4297392000,N/A,4297392000,868160000,0,868160000,28.0469,2.5136,2.7797,-29.4699,
600460.SH,Ê¿À¼Î¢,2012-06-14,3.8029,3.7798,3.8336,3.7568,3.7645,5925381,29190316,-0.0384,-1.0101,4.9263,0.6825,4253984000,N/A,4253984000,868160000,0,868160000,27.7636,2.4883,2.7516,-29.1722,
600460.SH,Ê¿À¼Î¢,2012-06-15,3.7645,3.7798,3.8106,3.6876,3.7184,5498965,26682031,-0.0461,-1.2245,4.8522,0.6334,4201894400,N/A,4201894400,868160000,0,868160000,27.4237,2.4578,2.7179,-28.815,
600460.SH,Ê¿À¼Î¢,2012-06-18,3.7184,3.7337,3.7875,3.7184,3.7798,4622792,22628522,0.0615,1.6529,4.895,0.5325,4271347200,N/A,4271347200,868160000,0,868160000,27.8769,2.4984,2.7629,-29.2913,
600460.SH,Ê¿À¼Î¢,2012-06-19,3.7798,3.7798,3.8182,3.7414,3.7798,4125432,20322753,0,0,4.9262,0.4752,4271347200,N/A,4271347200,868160000,0,868160000,27.8769,2.4984,2.7629,-29.2913,
600460.SH,Ê¿À¼Î¢,2012-06-20,3.7798,3.8029,3.872,3.7798,3.8259,5323692,26518590,0.0461,1.2195,4.9812,0.6132,4323436800,N/A,4323436800,868160000,0,868160000,28.2169,2.5289,2.7966,-29.6485,
600460.SH,Ê¿À¼Î¢,2012-06-21,3.8259,3.8259,3.8336,3.726,3.7568,2860882,14016118,-0.0691,-1.8072,4.8992,0.3295,4245302400,N/A,4245302400,868160000,0,868160000,27.707,2.4832,2.746,-29.1127,
600460.SH,Ê¿À¼Î¢,2012-06-25,3.7568,3.7491,3.7645,3.5417,3.5724,4420451,20932510,-0.1844,-4.908,4.7354,0.5092,4036944000,N/A,4036944000,868160000,0,868160000,26.3471,2.3613,2.6112,-27.6839,
600460.SH,Ê¿À¼Î¢,2012-06-26,3.5724,3.534,3.5724,3.4495,3.5032,4084676,18541269,-0.0691,-1.9355,4.5392,0.4705,3958809600,N/A,3958809600,868160000,0,868160000,25.8372,2.3156,2.5607,-27.1481,
600460.SH,Ê¿À¼Î¢,2012-06-27,3.5032,3.4956,3.534,3.4572,3.4648,2610314,11896790,-0.0384,-1.0965,4.5576,0.3007,3915401600,N/A,3915401600,868160000,0,868160000,25.5539,2.2902,2.5326,-26.8504,
600460.SH,Ê¿À¼Î¢,2012-06-28,3.4648,3.4802,3.4956,3.3496,3.3573,3386900,15048301,-0.1076,-3.1042,4.4431,0.3901,3793859200,N/A,3793859200,868160000,0,868160000,24.7606,2.2191,2.454,-26.0169,
600460.SH,Ê¿À¼Î¢,2012-06-29,3.3573,3.4495,3.4495,3.242,3.3957,3726838,16170572,0.0384,1.1442,4.339,0.4293,3837267200,N/A,3837267200,868160000,0,868160000,25.0439,2.2445,2.4821,-26.3146,
600460.SH,Ê¿À¼Î¢,2012-07-02,3.3957,3.4187,3.4572,3.3957,3.4187,2703297,12049447,0.023,0.6787,4.4573,0.3114,3863312000,N/A,3863312000,868160000,0,868160000,25.2139,2.2597,2.4989,-26.4932,
600460.SH,Ê¿À¼Î¢,2012-07-03,3.4187,3.4111,3.4418,3.3265,3.3342,4124950,18150473,-0.0845,-2.4719,4.4002,0.4751,3767814400,N/A,3767814400,868160000,0,868160000,24.5906,2.2039,2.4372,-25.8383,
600460.SH,Ê¿À¼Î¢,2012-07-04,3.3342,3.3573,3.365,3.2881,3.3035,3328203,14375090,-0.0307,-0.9217,4.3192,0.3834,3733088000,N/A,3733088000,868160000,0,868160000,24.364,2.1836,2.4147,-25.6001,
600460.SH,Ê¿À¼Î¢,2012-07-05,3.3035,3.3035,3.3265,3.073,3.0884,5594434,23207436,-0.2151,-6.5116,4.1483,0.6444,3490003200,N/A,3490003200,868160000,0,868160000,22.7775,2.0414,2.2575,-23.9332,
600460.SH,Ê¿À¼Î¢,2012-07-06,3.0884,3.1191,3.1959,3.0577,3.1806,4767272,19363865,0.0922,2.9851,4.0618,0.5491,3594182400,N/A,3594182400,868160000,0,868160000,23.4574,2.1023,2.3248,-24.6476,
600460.SH,Ê¿À¼Î¢,2012-07-09,3.1806,3.1499,3.1652,3.0653,3.0807,4119643,16643705,-0.0999,-3.1401,4.0401,0.4745,3481321600,N/A,3481321600,868160000,0,868160000,22.7208,2.0363,2.2518,-23.8736,
600460.SH,Ê¿À¼Î¢,2012-07-10,3.0807,3.0807,3.0961,2.9962,3.0346,3106225,12302948,-0.0461,-1.4963,3.9607,0.3578,3429232000,N/A,3429232000,868160000,0,868160000,22.3809,2.0058,2.2181,-23.5164,
600460.SH,Ê¿À¼Î¢,2012-07-11,3.0346,3.0039,3.0884,3.0039,3.073,2362342,9409433,0.0384,1.2658,3.9831,0.2721,3472640000,N/A,3472640000,868160000,0,868160000,22.6642,2.0312,2.2462,-23.8141,
600460.SH,Ê¿À¼Î¢,2012-07-12,3.073,3.1114,3.1959,3.0961,3.1729,5602674,23083773,0.0999,3.25,4.1201,0.6454,3585500800,N/A,3585500800,868160000,0,868160000,23.4008,2.0972,2.3192,-24.588,
600460.SH,Ê¿À¼Î¢,2012-07-13,3.1729,3.1575,3.1652,3.0884,3.1114,3719105,15109832,-0.0615,-1.937,4.0628,0.4284,3516048000,N/A,3516048000,868160000,0,868160000,22.9475,2.0566,2.2743,-24.1118,
600460.SH,Ê¿À¼Î¢,2012-07-16,3.1114,3.073,3.0807,2.881,2.9117,7204501,27728613,-0.1997,-6.4198,3.8488,0.8299,3290326400,N/A,3290326400,868160000,0,868160000,21.4743,1.9246,2.1283,-22.5638,
600460.SH,Ê¿À¼Î¢,2012-07-17,2.9117,2.881,2.9655,2.881,2.9578,3260610,12416928,0.0461,1.5831,3.8082,0.3756,3342416000,N/A,3342416000,868160000,0,868160000,21.8143,1.9551,2.162,-22.9211,
600460.SH,Ê¿À¼Î¢,2012-07-18,2.9578,2.9117,2.9808,2.9117,2.9808,2586637,9922527,0.023,0.7792,3.8361,0.2979,3368460800,N/A,3368460800,868160000,0,868160000,21.9843,1.9703,2.1788,-23.0997,
600460.SH,Ê¿À¼Î¢,2012-07-19,2.9808,2.9732,3.0884,2.9424,3.0269,4754839,18814231,0.0461,1.5464,3.9569,0.5477,3420550400,N/A,3420550400,868160000,0,868160000,22.3242,2.0008,2.2125,-23.4569,
600460.SH,Ê¿À¼Î¢,2012-07-20,3.0269,3.0269,3.1038,3.0192,3.05,4009279,16011543,0.023,0.7614,3.9936,0.4618,3446595200,N/A,3446595200,868160000,0,868160000,22.4942,2.016,2.2294,-23.6355,
600460.SH,Ê¿À¼Î¢,2012-07-23,3.05,3.0346,3.0423,2.9962,3.0192,2021485,7939938,-0.0307,-1.0076,3.9278,0.2328,3411868800,N/A,3411868800,868160000,0,868160000,22.2676,1.9957,2.2069,-23.3973,
600460.SH,Ê¿À¼Î¢,2012-07-24,3.0192,3.0039,3.073,2.9578,3.0269,2191938,8624098,0.0077,0.2545,3.9345,0.2525,3420550400,N/A,3420550400,868160000,0,868160000,22.3242,2.0008,2.2125,-23.4569,
600460.SH,Ê¿À¼Î¢,2012-07-25,3.0269,3.0346,3.05,3.0039,3.0192,2294556,9044419,-0.0077,-0.2538,3.9417,0.2643,3411868800,N/A,3411868800,868160000,0,868160000,22.2676,1.9957,2.2069,-23.3973,
600460.SH,Ê¿À¼Î¢,2012-07-26,3.0192,3.073,3.3189,3.05,3.242,19806886,83857140,0.2228,7.3791,4.2337,2.2815,3663635200,N/A,3663635200,868160000,0,868160000,23.9107,2.1429,2.3698,-25.1239,
600460.SH,Ê¿À¼Î¢,2012-07-27,3.242,3.2113,3.219,3.1268,3.1422,8153215,33614792,-0.0999,-3.0806,4.1229,0.9391,3550774400,N/A,3550774400,868160000,0,868160000,23.1741,2.0769,2.2968,-24.3499,
600460.SH,Ê¿À¼Î¢,2012-07-30,3.1422,3.1499,3.1729,3.0346,3.0653,5186558,20828220,-0.0768,-2.445,4.0158,0.5974,3463958400,N/A,3463958400,868160000,0,868160000,22.6075,2.0261,2.2406,-23.7545,
600460.SH,Ê¿À¼Î¢,2012-07-31,3.0653,3.0653,3.0961,2.9117,2.9194,5129634,19808471,-0.146,-4.7619,3.8616,0.5909,3299008000,N/A,3299008000,868160000,0,868160000,21.531,1.9297,2.1339,-22.6234,
600460.SH,Ê¿À¼Î¢,2012-08-01,2.9194,2.9271,3.05,2.9271,3.0039,4032262,15719233,0.0845,2.8947,3.8984,0.4645,3394505600,N/A,3394505600,868160000,0,868160000,22.1542,1.9855,2.1957,-23.2783,
600460.SH,Ê¿À¼Î¢,2012-08-02,3.0039,3.0116,3.0192,2.9347,2.9732,2301105,8897523,-0.0307,-1.023,3.8666,0.2651,3359779200,N/A,3359779200,868160000,0,868160000,21.9276,1.9652,2.1732,-23.0401,
600460.SH,Ê¿À¼Î¢,2012-08-03,2.9732,2.9808,3.0423,2.9424,3.0423,2990969,11723950,0.0691,2.3256,3.9198,0.3445,3437913600,N/A,3437913600,868160000,0,868160000,22.4375,2.0109,2.2238,-23.5759,
600460.SH,Ê¿À¼Î¢,2012-08-06,3.0423,3.05,3.2036,3.0039,3.1729,6824667,27661176,0.1306,4.2929,4.0531,0.7861,3585500800,N/A,3585500800,868160000,0,868160000,23.4008,2.0972,2.3192,-24.588,
600460.SH,Ê¿À¼Î¢,2012-08-07,3.1729,3.1499,3.2881,3.1345,3.2344,7276430,30686484,0.0615,1.937,4.2172,0.8381,3654953600,N/A,3654953600,868160000,0,868160000,23.8541,2.1379,2.3642,-25.0643,
600460.SH,Ê¿À¼Î¢,2012-08-08,3.2344,3.2344,3.2728,3.1422,3.1959,5201771,21602167,-0.0384,-1.1876,4.1528,0.5992,3611545600,N/A,3611545600,868160000,0,868160000,23.5708,2.1125,2.3361,-24.7666,
600460.SH,Ê¿À¼Î¢,2012-08-09,3.1959,3.1959,3.2344,3.1499,3.2267,4446203,18553780,0.0307,0.9615,4.1729,0.5121,3646272000,N/A,3646272000,868160000,0,868160000,23.7974,2.1328,2.3585,-25.0048,
600460.SH,Ê¿À¼Î¢,2012-08-10,3.2267,3.2267,3.2881,3.2036,3.2267,4389434,18532617,0,0,4.2221,0.5056,3646272000,N/A,3646272000,868160000,0,868160000,23.7974,2.1328,2.3585,-25.0048,
600460.SH,Ê¿À¼Î¢,2012-08-13,3.2267,3.2267,3.2267,3.0807,3.0961,6019326,24526613,-0.1306,-4.0476,4.0746,0.6933,3498684800,N/A,3498684800,868160000,0,868160000,22.8342,2.0465,2.2631,-23.9927,
600460.SH,Ê¿À¼Î¢,2012-08-14,3.0961,3.0884,3.1652,3.05,3.1575,5362409,21773442,0.0615,1.9851,4.0604,0.6177,3568137600,N/A,3568137600,868160000,0,868160000,23.2875,2.0871,2.308,-24.469,
600460.SH,Ê¿À¼Î¢,2012-08-15,3.1575,3.1268,3.1499,3.0884,3.0961,3230593,13091635,-0.0615,-1.9465,4.0524,0.3721,3498684800,N/A,3498684800,868160000,0,868160000,22.8342,2.0465,2.2631,-23.9927,
600460.SH,Ê¿À¼Î¢,2012-08-16,3.0961,3.0653,3.1499,3.0653,3.0807,2428530,9801510,-0.0154,-0.4963,4.036,0.2797,3481321600,N/A,3481321600,868160000,0,868160000,22.7208,2.0363,2.2518,-23.8736,
600460.SH,Ê¿À¼Î¢,2012-08-17,3.0807,3.0807,3.1345,3.073,3.1038,2812105,11359769,0.023,0.7481,4.0396,0.3239,3507366400,N/A,3507366400,868160000,0,868160000,22.8908,2.0515,2.2687,-24.0522,
600460.SH,Ê¿À¼Î¢,2012-08-20,3.1038,3.1038,3.1038,3.0346,3.0884,2244583,8943917,-0.0154,-0.495,3.9847,0.2585,3490003200,N/A,3490003200,868160000,0,868160000,22.7775,2.0414,2.2575,-23.9332,
600460.SH,Ê¿À¼Î¢,2012-08-21,3.0884,3.0884,3.365,3.0653,3.1959,10829745,45624626,0.1076,3.4826,4.2129,1.2474,3611545600,N/A,3611545600,868160000,0,868160000,23.5708,2.1125,2.3361,-24.7666,
600460.SH,Ê¿À¼Î¢,2012-08-22,3.1959,3.2036,3.2574,3.1652,3.1883,6600058,27580881,-0.0077,-0.2404,4.1789,0.7602,3602864000,N/A,3602864000,868160000,0,868160000,23.5141,2.1074,2.3305,-24.7071,
600460.SH,Ê¿À¼Î¢,2012-08-23,3.1883,3.1729,3.4034,3.1499,3.3189,12880060,55192081,0.1306,4.0964,4.2851,1.4836,3750451200,N/A,3750451200,868160000,0,868160000,24.4773,2.1937,2.4259,-25.7192,
600460.SH,Ê¿À¼Î¢,2012-08-24,3.3189,3.2881,3.3496,3.2344,3.2497,7756186,33082086,-0.0691,-2.0833,4.2653,0.8934,3672316800,N/A,3672316800,868160000,0,868160000,23.9674,2.148,2.3754,-25.1834,
600460.SH,Ê¿À¼Î¢,2012-08-27,3.2497,3.242,3.242,3.0807,3.1038,5022603,20561547,-0.146,-4.4917,4.0938,0.5785,3507366400,N/A,3507366400,868160000,0,868160000,22.8908,2.0515,2.2687,-24.0522,
600460.SH,Ê¿À¼Î¢,2012-08-28,3.1038,3.0961,3.1883,3.0961,3.1345,3427241,13998539,0.0307,0.9901,4.0845,0.3948,3542092800,N/A,3542092800,868160000,0,868160000,23.1175,2.0719,2.2912,-24.2904,
600460.SH,Ê¿À¼Î¢,2012-08-29,3.1345,3.1575,3.3342,3.1345,3.242,9076379,38385144,0.1076,3.4314,4.2291,1.0455,3663635200,N/A,3663635200,868160000,0,868160000,23.9107,2.1429,2.3698,-25.1239,
600460.SH,Ê¿À¼Î¢,2012-08-30,3.242,3.2344,3.2651,3.1038,3.1575,7067242,29160801,-0.0845,-2.6066,4.1262,0.814,3568137600,N/A,3568137600,868160000,0,868160000,23.2875,2.0871,2.308,-24.469,
600460.SH,Ê¿À¼Î¢,2012-08-31,3.1575,3.1575,3.2036,3.1345,3.1806,2933213,12086617,0.023,0.7299,4.1206,0.3379,3594182400,N/A,3594182400,868160000,0,868160000,23.4574,2.1023,2.3248,-24.6476,
600460.SH,Ê¿À¼Î¢,2012-09-03,3.1806,3.1652,3.2574,3.1345,3.2113,5193766,21718844,0.0307,0.9662,4.1817,0.5982,3628908800,N/A,3628908800,868160000,0,868160000,23.6841,2.1226,2.3473,-24.8857,
600460.SH,Ê¿À¼Î¢,2012-09-04,3.2113,3.242,3.3035,3.1806,3.2113,5334936,22496619,0,0,4.2168,0.6145,3628908800,N/A,3628908800,868160000,0,868160000,23.6841,2.1226,2.3473,-24.8857,
600460.SH,Ê¿À¼Î¢,2012-09-05,3.2113,3.1806,3.2881,3.1345,3.2805,7355874,31012191,0.0691,2.1531,4.216,0.8473,3707043200,N/A,3707043200,868160000,0,868160000,24.194,2.1683,2.3978,-25.4215,
600460.SH,Ê¿À¼Î¢,2012-09-06,3.2805,3.2958,3.3496,3.2344,3.3189,8230287,35307768,0.0384,1.171,4.29,0.948,3750451200,N/A,3750451200,868160000,0,868160000,24.4773,2.1937,2.4259,-25.7192,
600460.SH,Ê¿À¼Î¢,2012-09-07,3.3189,3.3419,3.4495,3.3112,3.4111,15138530,66800493,0.0922,2.7778,4.4126,1.7437,3854630400,N/A,3854630400,868160000,0,868160000,25.1572,2.2547,2.4933,-26.4336,
600460.SH,Ê¿À¼Î¢,2012-09-10,3.4111,3.4187,3.4418,3.365,3.4111,9878089,43726053,0,0,4.4266,1.1378,3854630400,N/A,3854630400,868160000,0,868160000,25.1572,2.2547,2.4933,-26.4336,
600460.SH,Ê¿À¼Î¢,2012-09-11,3.4111,3.3957,3.4418,3.3419,3.4111,10650914,47052302,0,0,4.4177,1.2268,3854630400,N/A,3854630400,868160000,0,868160000,25.1572,2.2547,2.4933,-26.4336,
600460.SH,Ê¿À¼Î¢,2012-09-12,3.4111,3.4111,3.4418,3.3265,3.3803,8353625,36722012,-0.0307,-0.9009,4.3959,0.9622,3819904000,N/A,3819904000,868160000,0,868160000,24.9306,2.2344,2.4708,-26.1955,
600460.SH,Ê¿À¼Î¢,2012-09-13,3.3803,3.388,3.3957,3.3112,3.3189,5327927,23269044,-0.0615,-1.8182,4.3674,0.6137,3750451200,N/A,3750451200,868160000,0,868160000,24.4773,2.1937,2.4259,-25.7192,
600460.SH,Ê¿À¼Î¢,2012-09-14,3.3189,3.3573,3.365,3.2574,3.3265,6168959,26629593,0.0077,0.2315,4.3167,0.7106,3759132800,N/A,3759132800,868160000,0,868160000,24.534,2.1988,2.4315,-25.7787,
600460.SH,Ê¿À¼Î¢,2012-09-17,3.3265,3.3112,3.3189,3.1883,3.1959,4844010,20473707,-0.1306,-3.9261,4.2266,0.558,3611545600,N/A,3611545600,868160000,0,868160000,23.5708,2.1125,2.3361,-24.7666,
600460.SH,Ê¿À¼Î¢,2012-09-18,3.1959,3.1959,3.242,3.1959,3.219,2698697,11277027,0.023,0.7212,4.1787,0.3109,3637590400,N/A,3637590400,868160000,0,868160000,23.7407,2.1277,2.3529,-24.9452,
600460.SH,Ê¿À¼Î¢,2012-09-19,3.219,3.2344,3.3035,3.2036,3.2728,4370402,18543992,0.0538,1.6706,4.2431,0.5034,3698361600,N/A,3698361600,868160000,0,868160000,24.1374,2.1633,2.3922,-25.362,
600460.SH,Ê¿À¼Î¢,2012-09-20,3.2728,3.2651,3.2651,3.1114,3.1114,5424462,22411316,-0.1613,-4.9296,4.1315,0.6248,3516048000,N/A,3516048000,868160000,0,868160000,22.9475,2.0566,2.2743,-24.1118,
600460.SH,Ê¿À¼Î¢,2012-09-21,3.1114,3.1191,3.1729,3.073,3.0884,3275144,13316093,-0.023,-0.7407,4.0658,0.3773,3490003200,N/A,3490003200,868160000,0,868160000,22.7775,2.0414,2.2575,-23.9332,
600460.SH,Ê¿À¼Î¢,2012-09-24,3.0884,3.073,3.1191,3.0192,3.1038,2000135,8039072,0.0154,0.4975,4.0193,0.2304,3507366400,N/A,3507366400,868160000,0,868160000,22.8908,2.0515,2.2687,-24.0522,
600460.SH,Ê¿À¼Î¢,2012-09-25,3.1038,3.0884,3.2113,3.0807,3.0961,3655868,14856049,-0.0077,-0.2475,4.0636,0.4211,3498684800,N/A,3498684800,868160000,0,868160000,22.8342,2.0465,2.2631,-23.9927,
600460.SH,Ê¿À¼Î¢,2012-09-26,3.0961,3.0961,3.2036,2.9808,2.9885,4076164,16215951,-0.1076,-3.4739,3.9782,0.4695,3377142400,N/A,3377142400,868160000,0,868160000,22.0409,1.9754,2.1845,-23.1592,
600460.SH,Ê¿À¼Î¢,2012-09-27,2.9885,2.9962,3.0884,2.9885,3.0653,3669671,14574147,0.0768,2.5707,3.9715,0.4227,3463958400,N/A,3463958400,868160000,0,868160000,22.6075,2.0261,2.2406,-23.7545,
600460.SH,Ê¿À¼Î¢,2012-09-28,3.0653,3.0653,3.1114,3.0346,3.1114,2544465,10218412,0.0461,1.5038,4.0159,0.2931,3516048000,N/A,3516048000,868160000,0,868160000,22.9475,2.0566,2.2743,-24.1118,
600460.SH,Ê¿À¼Î¢,2012-10-08,3.1114,3.1345,3.1422,3.0653,3.0884,2375659,9581732,-0.023,-0.7407,4.0333,0.2736,3490003200,N/A,3490003200,868160000,0,868160000,22.7775,2.0414,2.2575,-23.9332,
600460.SH,Ê¿À¼Î¢,2012-10-09,3.0884,3.0884,3.1575,3.0884,3.1575,4049237,16546365,0.0691,2.2388,4.0863,0.4664,3568137600,N/A,3568137600,868160000,0,868160000,23.2875,2.0871,2.308,-24.469,
600460.SH,Ê¿À¼Î¢,2012-10-10,3.1575,3.1652,3.242,3.1345,3.219,5317634,21996232,0.0615,1.9465,4.1365,0.6125,3637590400,N/A,3637590400,868160000,0,868160000,23.7407,2.1277,2.3529,-24.9452,
600460.SH,Ê¿À¼Î¢,2012-10-11,3.219,3.2036,3.219,3.1345,3.1422,3829061,15817746,-0.0768,-2.3866,4.131,0.4411,3550774400,N/A,3550774400,868160000,0,868160000,23.1741,2.0769,2.2968,-24.3499,
600460.SH,Ê¿À¼Î¢,2012-10-12,3.1422,3.1499,3.1729,3.0884,3.1114,3833335,15547255,-0.0307,-0.978,4.0558,0.4415,3516048000,N/A,3516048000,868160000,0,868160000,22.9475,2.0566,2.2743,-24.1118,
600460.SH,Ê¿À¼Î¢,2012-10-15,3.1114,3.0961,3.1191,3.0653,3.0884,2386932,9588463,-0.023,-0.7407,4.0171,0.2749,3490003200,N/A,3490003200,868160000,0,868160000,22.7775,2.0414,2.2575,-23.9332,
600460.SH,Ê¿À¼Î¢,2012-10-16,3.0884,3.1038,3.1268,3.073,3.0961,2109343,8508172,0.0077,0.2488,4.0336,0.243,3498684800,N/A,3498684800,868160000,0,868160000,22.8342,2.0465,2.2631,-23.9927,
600460.SH,Ê¿À¼Î¢,2012-10-17,3.0961,3.1038,3.1114,3.05,3.0653,3532129,14107472,-0.0307,-0.9926,3.994,0.4069,3463958400,N/A,3463958400,868160000,0,868160000,22.6075,2.0261,2.2406,-23.7545,
600460.SH,Ê¿À¼Î¢,2012-10-18,3.0653,3.0884,3.1345,3.0653,3.1191,5553952,22481600,0.0538,1.7544,4.0479,0.6397,3524729600,N/A,3524729600,868160000,0,868160000,23.0041,2.0617,2.2799,-24.1713,
600460.SH,Ê¿À¼Î¢,2012-10-19,3.1191,3.1345,3.1422,3.1038,3.1345,4106321,16721502,0.0154,0.4926,4.0721,0.473,3542092800,N/A,3542092800,868160000,0,868160000,23.1175,2.0719,2.2912,-24.2904,
600460.SH,Ê¿À¼Î¢,2012-10-22,3.1345,3.0807,3.1268,3.0577,3.1038,3425734,13796011,-0.0307,-0.9804,4.0272,0.3946,3507366400,N/A,3507366400,868160000,0,868160000,22.8908,2.0515,2.2687,-24.0522,
600460.SH,Ê¿À¼Î¢,2012-10-23,3.1038,3.1268,3.1268,3.0884,3.0961,2751146,11126971,-0.0077,-0.2475,4.0445,0.3169,3498684800,N/A,3498684800,868160000,0,868160000,22.8342,2.0465,2.2631,-23.9927,
600460.SH,Ê¿À¼Î¢,2012-10-24,3.0961,3.073,3.1575,3.0577,3.1422,5779579,23450292,0.0461,1.4888,4.0574,0.6657,3550774400,N/A,3550774400,868160000,0,868160000,23.1741,2.0769,2.2968,-24.3499,
600460.SH,Ê¿À¼Î¢,2012-10-25,3.1422,3.1422,3.1729,3.0961,3.0961,4578047,18683073,-0.0461,-1.467,4.081,0.5273,3498684800,N/A,3498684800,868160000,0,868160000,22.8342,2.0465,2.2631,-23.9927,
600460.SH,Ê¿À¼Î¢,2012-10-26,3.0961,3.0961,3.1114,2.9962,3.0039,5047627,19949342,-0.0922,-2.9777,3.9522,0.5814,3394505600,N/A,3394505600,868160000,0,868160000,22.1542,1.9855,2.1957,-23.2783,
600460.SH,Ê¿À¼Î¢,2012-10-29,3.0039,3.0039,3.05,2.9578,2.9885,3150719,12310292,-0.0154,-0.5115,3.9071,0.3629,3377142400,N/A,3377142400,868160000,0,868160000,22.0409,1.9754,2.1845,-23.1592,
600460.SH,Ê¿À¼Î¢,2012-10-30,2.9885,2.9885,3.0269,2.9578,2.9808,2243150,8723433,-0.0077,-0.2571,3.8889,0.2584,3368460800,N/A,3368460800,868160000,0,868160000,21.9843,1.9703,2.1788,-23.0997,
600460.SH,Ê¿À¼Î¢,2012-10-31,2.9808,2.9885,3.0192,2.9578,3.0116,2370341,9226193,0.0307,1.0309,3.8923,0.273,3403187200,N/A,3403187200,868160000,0,868160000,22.2109,1.9906,2.2013,-23.3378,
600460.SH,Ê¿À¼Î¢,2012-11-01,3.0116,2.9962,3.073,2.9962,3.0653,3906439,15465390,0.0538,1.7857,3.9589,0.45,3463958400,N/A,3463958400,868160000,0,868160000,22.6075,2.0261,2.2406,-23.7545,
600460.SH,Ê¿À¼Î¢,2012-11-02,3.0653,3.073,3.073,3.0269,3.05,1891780,7513420,-0.0154,-0.5013,3.9716,0.2179,3446595200,N/A,3446595200,868160000,0,868160000,22.4942,2.016,2.2294,-23.6355,
600460.SH,Ê¿À¼Î¢,2012-11-05,3.05,3.0577,3.0961,2.9962,3.0192,3407670,13461723,-0.0307,-1.0076,3.9504,0.3925,3411868800,N/A,3411868800,868160000,0,868160000,22.2676,1.9957,2.2069,-23.3973,
600460.SH,Ê¿À¼Î¢,2012-11-06,3.0192,3.0269,3.0269,2.9424,2.9962,3388383,13139384,-0.023,-0.7634,3.8778,0.3903,3385824000,N/A,3385824000,868160000,0,868160000,22.0976,1.9804,2.1901,-23.2187,
600460.SH,Ê¿À¼Î¢,2012-11-07,2.9962,3.0039,3.0039,2.9655,2.9885,1519195,5897131,-0.0077,-0.2564,3.8817,0.175,3377142400,N/A,3377142400,868160000,0,868160000,22.0409,1.9754,2.1845,-23.1592,
600460.SH,Ê¿À¼Î¢,2012-11-08,2.9885,2.9962,2.9962,2.8963,2.9117,4843664,18459194,-0.0768,-2.5707,3.811,0.5579,3290326400,N/A,3290326400,868160000,0,868160000,21.4743,1.9246,2.1283,-22.5638,
600460.SH,Ê¿À¼Î¢,2012-11-09,2.9117,2.9194,2.9194,2.8425,2.8579,2890170,10838757,-0.0538,-1.847,3.7502,0.3329,3229555200,N/A,3229555200,868160000,0,868160000,21.0777,1.889,2.089,-22.1471,
600460.SH,Ê¿À¼Î¢,2012-11-12,2.8579,2.881,2.8886,2.8579,2.8886,1432043,5353952,0.0307,1.0753,3.7387,0.165,3264281600,N/A,3264281600,868160000,0,868160000,21.3043,1.9094,2.1115,-22.3852,
600460.SH,Ê¿À¼Î¢,2012-11-13,2.8886,2.8963,2.8963,2.8118,2.8579,2975019,11001866,-0.0307,-1.0638,3.6981,0.3427,3229555200,N/A,3229555200,868160000,0,868160000,21.0777,1.889,2.089,-22.1471,
600460.SH,Ê¿À¼Î¢,2012-11-14,2.8579,2.8733,2.8733,2.7965,2.8502,1809509,6669645,-0.0077,-0.2688,3.6859,0.2084,3220873600,N/A,3220873600,868160000,0,868160000,21.021,1.884,2.0834,-22.0876,
600460.SH,Ê¿À¼Î¢,2012-11-15,2.8502,2.8425,2.8425,2.7811,2.7888,1559548,5713424,-0.0615,-2.1563,3.6635,0.1796,3151420800,N/A,3151420800,868160000,0,868160000,20.5677,1.8433,2.0385,-21.6113,
600460.SH,Ê¿À¼Î¢,2012-11-16,2.7888,2.7888,2.8041,2.7504,2.7888,1802761,6492157,0,0,3.6012,0.2077,3151420800,N/A,3151420800,868160000,0,868160000,20.5677,1.8433,2.0385,-21.6113,
600460.SH,Ê¿À¼Î¢,2012-11-19,2.7888,2.7888,2.7965,2.7427,2.7811,1405507,5059190,-0.0077,-0.2755,3.5995,0.1619,3142739200,N/A,3142739200,868160000,0,868160000,20.5111,1.8383,2.0328,-21.5517,
600460.SH,Ê¿À¼Î¢,2012-11-20,2.7811,2.7965,2.7965,2.758,2.7734,1223586,4418174,-0.0077,-0.2762,3.6108,0.1409,3134057600,N/A,3134057600,868160000,0,868160000,20.4544,1.8332,2.0272,-21.4922,
600460.SH,Ê¿À¼Î¢,2012-11-21,2.7734,2.7965,2.8272,2.7504,2.8195,2333305,8471389,0.0461,1.662,3.6306,0.2688,3186147200,N/A,3186147200,868160000,0,868160000,20.7944,1.8637,2.0609,-21.8494,
600460.SH,Ê¿À¼Î¢,2012-11-22,2.8195,2.8041,2.8041,2.7427,2.758,2043262,7383713,-0.0615,-2.1798,3.6137,0.2354,3116694400,N/A,3116694400,868160000,0,868160000,20.3411,1.823,2.016,-21.3731,
600460.SH,Ê¿À¼Î¢,2012-11-23,2.758,2.7811,2.8041,2.758,2.7811,1777136,6440515,0.023,0.8357,3.6241,0.2047,3142739200,N/A,3142739200,868160000,0,868160000,20.5111,1.8383,2.0328,-21.5517,
600460.SH,Ê¿À¼Î¢,2012-11-26,2.7811,2.7965,2.7965,2.7043,2.7043,1630913,5830999,-0.0768,-2.7624,3.5753,0.1879,3055923200,N/A,3055923200,868160000,0,868160000,19.9445,1.7875,1.9767,-20.9564,
600460.SH,Ê¿À¼Î¢,2012-11-27,2.7043,2.6889,2.6889,2.5199,2.5352,3269954,11050697,-0.169,-6.25,3.3795,0.3767,2864928000,N/A,2864928000,868160000,0,868160000,18.698,1.6758,1.8531,-19.6466,
600460.SH,Ê¿À¼Î¢,2012-11-28,2.5352,2.5199,2.7273,2.4354,2.6121,5222318,16962887,0.0768,3.0303,3.2482,0.6015,2951744000,N/A,2951744000,868160000,0,868160000,19.2646,1.7265,1.9093,-20.242,
600460.SH,Ê¿À¼Î¢,2012-11-29,2.6121,2.5737,2.6812,2.5199,2.6274,4608597,15448314,0.0154,0.5882,3.3521,0.5308,2969107200,N/A,2969107200,868160000,0,868160000,19.3779,1.7367,1.9205,-20.361,
600460.SH,Ê¿À¼Î¢,2012-11-30,2.6274,2.566,2.6121,2.566,2.589,2404716,8108575,-0.0384,-1.462,3.3719,0.277,2925699200,N/A,2925699200,868160000,0,868160000,19.0946,1.7113,1.8924,-20.0634,
600460.SH,Ê¿À¼Î¢,2012-12-03,2.589,2.589,2.5967,2.4661,2.5967,3007034,9935544,0.0077,0.2967,3.3041,0.3464,2934380800,N/A,2934380800,868160000,0,868160000,19.1512,1.7164,1.8981,-20.1229,
600460.SH,Ê¿À¼Î¢,2012-12-04,2.5967,2.5352,2.6121,2.5045,2.6044,2781286,9248489,0.0077,0.2959,3.3253,0.3204,2943062400,N/A,2943062400,868160000,0,868160000,19.2079,1.7215,1.9037,-20.1824,
600460.SH,Ê¿À¼Î¢,2012-12-05,2.6044,2.566,2.7119,2.5506,2.6735,4863412,16850097,0.0691,2.6549,3.4647,0.5602,3021196800,N/A,3021196800,868160000,0,868160000,19.7178,1.7672,1.9542,-20.7183,
600460.SH,Ê¿À¼Î¢,2012-12-06,2.6735,2.6889,2.7119,2.6274,2.6428,3199273,11090348,-0.0307,-1.1494,3.4665,0.3685,2986470400,N/A,2986470400,868160000,0,868160000,19.4912,1.7469,1.9318,-20.4801,
600460.SH,Ê¿À¼Î¢,2012-12-07,2.6428,2.6198,2.6966,2.6121,2.6735,4744124,16506677,0.0307,1.1628,3.4794,0.5465,3021196800,N/A,3021196800,868160000,0,868160000,19.7178,1.7672,1.9542,-20.7183,
600460.SH,Ê¿À¼Î¢,2012-12-10,2.6735,2.6735,2.758,2.6582,2.7427,5410485,19129999,0.0691,2.5862,3.5357,0.6232,3099331200,N/A,3099331200,868160000,0,868160000,20.2278,1.8129,2.0048,-21.2541,
600460.SH,Ê¿À¼Î¢,2012-12-11,2.7427,2.735,2.7811,2.6812,2.7043,5334261,18960901,-0.0384,-1.4006,3.5546,0.6144,3055923200,N/A,3055923200,868160000,0,868160000,19.9445,1.7875,1.9767,-20.9564,
600460.SH,Ê¿À¼Î¢,2012-12-12,2.7043,2.7043,2.7273,2.6658,2.6889,2896211,10145231,-0.0154,-0.5682,3.5029,0.3336,3038560000,N/A,3038560000,868160000,0,868160000,19.8312,1.7773,1.9654,-20.8373,
600460.SH,Ê¿À¼Î¢,2012-12-13,2.6889,2.6889,2.6889,2.5813,2.5967,3794561,12995424,-0.0922,-3.4286,3.4248,0.4371,2934380800,N/A,2934380800,868160000,0,868160000,19.1512,1.7164,1.8981,-20.1229,
600460.SH,Ê¿À¼Î¢,2012-12-14,2.5967,2.589,2.7657,2.5813,2.735,6528293,22844534,0.1383,5.3254,3.4993,0.752,3090649600,N/A,3090649600,868160000,0,868160000,20.1711,1.8078,1.9991,-21.1945,
600460.SH,Ê¿À¼Î¢,2012-12-17,2.735,2.735,2.8118,2.7119,2.8041,8764084,31654150,0.0691,2.5281,3.6118,1.0095,3168784000,N/A,3168784000,868160000,0,868160000,20.6811,1.8535,2.0497,-21.7303,
600460.SH,Ê¿À¼Î¢,2012-12-18,2.8041,2.8041,2.8272,2.7657,2.7811,7023932,25535183,-0.023,-0.8219,3.6355,0.8091,3142739200,N/A,3142739200,868160000,0,868160000,20.5111,1.8383,2.0328,-21.5517,
600460.SH,Ê¿À¼Î¢,2012-12-19,2.7811,2.7888,2.8041,2.735,2.7657,3610404,12990010,-0.0154,-0.5525,3.5979,0.4159,3125376000,N/A,3125376000,868160000,0,868160000,20.3978,1.8281,2.0216,-21.4327,
600460.SH,Ê¿À¼Î¢,2012-12-20,2.7657,2.8041,3.0346,2.7888,2.904,22329307,85166682,0.1383,5,3.8141,2.572,3281644800,N/A,3281644800,868160000,0,868160000,21.4177,1.9195,2.1227,-22.5043,
600460.SH,Ê¿À¼Î¢,2012-12-21,2.904,2.904,2.904,2.8118,2.8349,8977757,33261911,-0.0691,-2.381,3.7049,1.0341,3203510400,N/A,3203510400,868160000,0,868160000,20.9077,1.8738,2.0721,-21.9685,
600460.SH,Ê¿À¼Î¢,2012-12-24,2.8349,2.8502,2.8579,2.7811,2.8041,4885190,17898005,-0.0307,-1.084,3.6637,0.5627,3168784000,N/A,3168784000,868160000,0,868160000,20.6811,1.8535,2.0497,-21.7303,
600460.SH,Ê¿À¼Î¢,2012-12-25,2.8041,2.7811,2.881,2.7811,2.8579,5757298,21351782,0.0538,1.9178,3.7086,0.6632,3229555200,N/A,3229555200,868160000,0,868160000,21.0777,1.889,2.089,-22.1471,
600460.SH,Ê¿À¼Î¢,2012-12-26,2.8579,2.8656,2.9271,2.8349,2.9117,6851439,25701457,0.0538,1.8817,3.7512,0.7892,3290326400,N/A,3290326400,868160000,0,868160000,21.4743,1.9246,2.1283,-22.5638,
600460.SH,Ê¿À¼Î¢,2012-12-27,2.9117,2.9117,2.9347,2.8425,2.8502,5684841,21303061,-0.0615,-2.1108,3.7473,0.6548,3220873600,N/A,3220873600,868160000,0,868160000,21.021,1.884,2.0834,-22.0876,
600460.SH,Ê¿À¼Î¢,2012-12-28,2.8502,2.8425,2.881,2.8118,2.8656,3836083,14237465,0.0154,0.5391,3.7115,0.4419,3238236800,N/A,3238236800,868160000,0,868160000,21.1344,1.8941,2.0946,-22.2066,
600460.SH,Ê¿À¼Î¢,2012-12-31,2.8656,2.8579,2.8963,2.8579,2.8733,3964367,14851863,0.0077,0.2681,3.7463,0.4566,3246918400,N/A,3246918400,868160000,0,868160000,21.191,1.8992,2.1002,-22.2662,
600460.SH,Ê¿À¼Î¢,2013-01-04,2.8733,2.904,2.9117,2.8272,2.8579,4403939,16420289,-0.0154,-0.5348,3.7285,0.5073,3229555200,N/A,3229555200,868160000,0,868160000,176.7391,1.9032,2.394,-27.3788,
600460.SH,Ê¿À¼Î¢,2013-01-07,2.8579,2.8656,2.881,2.8195,2.8733,4870754,18051018,0.0154,0.5376,3.706,0.561,3246918400,N/A,3246918400,868160000,0,868160000,177.6893,1.9135,2.4069,-27.526,
600460.SH,Ê¿À¼Î¢,2013-01-08,2.8733,2.8502,2.9655,2.8502,2.9347,13103151,49692804,0.0615,2.139,3.7924,1.5093,3316371200,N/A,3316371200,868160000,0,868160000,181.4902,1.9544,2.4583,-28.1147,
600460.SH,Ê¿À¼Î¢,2013-01-09,2.9347,2.9194,2.9501,2.8886,2.9271,7211761,27351425,-0.0077,-0.2618,3.7926,0.8307,3307689600,N/A,3307689600,868160000,0,868160000,181.0151,1.9493,2.4519,-28.0411,
600460.SH,Ê¿À¼Î¢,2013-01-10,2.9271,2.9271,2.9962,2.904,2.9962,10796673,41561485,0.0691,2.3622,3.8495,1.2436,3385824000,N/A,3385824000,868160000,0,868160000,185.291,1.9953,2.5098,-28.7035,
600460.SH,Ê¿À¼Î¢,2013-01-11,2.9962,2.9962,3.0192,2.8579,2.881,9529108,36491902,-0.1152,-3.8462,3.8295,1.0976,3255600000,N/A,3255600000,868160000,0,868160000,178.1644,1.9186,2.4133,-27.5996,
600460.SH,Ê¿À¼Î¢,2013-01-14,2.881,2.8656,2.9732,2.8425,2.9655,8911316,33901946,0.0845,2.9333,3.8044,1.0265,3351097600,N/A,3351097600,868160000,0,868160000,183.3906,1.9748,2.4841,-28.4091,
600460.SH,Ê¿À¼Î¢,2013-01-15,2.9655,2.9732,3.2651,2.9501,3.2651,21986669,91223354,0.2996,10.1036,4.149,2.5326,3689680000,N/A,3689680000,868160000,0,868160000,201.9197,2.1744,2.7351,-31.2795,
600460.SH,Ê¿À¼Î¢,2013-01-16,3.2651,3.5878,3.5954,3.4264,3.5954,68468916,319702420,0.3304,10.1176,4.6693,7.8867,4062988800,N/A,4062988800,868160000,0,868160000,222.3492,2.3944,3.0118,-34.4442,
600460.SH,Ê¿À¼Î¢,2013-01-17,3.5954,3.6108,3.9565,3.5801,3.9181,118511321,582575050,0.3227,8.9744,4.9158,13.6509,4427616000,N/A,4427616000,868160000,0,868160000,242.3036,2.6093,3.2821,-37.5354,
600460.SH,Ê¿À¼Î¢,2013-01-18,3.9181,3.6876,3.8029,3.5263,3.7952,61197779,295013950,-0.1229,-3.1373,4.8207,7.0491,4288710400,N/A,4288710400,868160000,0,868160000,234.702,2.5274,3.1791,-36.3578,
600460.SH,Ê¿À¼Î¢,2013-01-21,3.7952,3.7337,3.7952,3.6262,3.726,32020107,154410579,-0.0691,-1.8219,4.8223,3.6883,4210576000,N/A,4210576000,868160000,0,868160000,230.426,2.4813,3.1212,-35.6954,
600460.SH,Ê¿À¼Î¢,2013-01-22,3.726,3.7491,3.7568,3.4956,3.557,31282896,147430791,-0.169,-4.5361,4.7128,3.6034,4019580800,N/A,4019580800,868160000,0,868160000,219.9737,2.3688,2.9796,-34.0763,
600460.SH,Ê¿À¼Î¢,2013-01-23,3.557,3.5493,3.6415,3.4802,3.6339,23750271,109449694,0.0768,2.1598,4.6084,2.7357,4106396800,N/A,4106396800,868160000,0,868160000,224.7247,2.42,3.044,-34.8122,
600460.SH,Ê¿À¼Î¢,2013-01-24,3.6339,3.5954,3.6339,3.4725,3.4802,22115404,102158195,-0.1537,-4.2283,4.6193,2.5474,3932764800,N/A,3932764800,868160000,0,868160000,215.2226,2.3176,2.9153,-33.3403,
600460.SH,Ê¿À¼Î¢,2013-01-25,3.4802,3.4956,3.5417,3.4341,3.4648,11500917,52142866,-0.0154,-0.4415,4.5338,1.3247,3915401600,N/A,3915401600,868160000,0,868160000,214.2724,2.3074,2.9024,-33.1931,
600460.SH,Ê¿À¼Î¢,2013-01-28,3.4648,3.4572,3.6415,3.4341,3.5724,16735424,77805954,0.1076,3.1042,4.6492,1.9277,4036944000,N/A,4036944000,868160000,0,868160000,220.9239,2.379,2.9925,-34.2234,
600460.SH,Ê¿À¼Î¢,2013-01-29,3.5724,3.5954,3.6108,3.5186,3.5493,13504605,62460076,-0.023,-0.6452,4.6251,1.5555,4010899200,N/A,4010899200,868160000,0,868160000,219.4986,2.3637,2.9732,-34.0027,
600460.SH,Ê¿À¼Î¢,2013-01-30,3.5493,3.5493,3.6108,3.5032,3.5493,13976377,64670562,0,0,4.6271,1.6099,4010899200,N/A,4010899200,868160000,0,868160000,219.4986,2.3637,2.9732,-34.0027,
600460.SH,Ê¿À¼Î¢,2013-01-31,3.5493,3.5109,3.5186,3.3803,3.4111,19412065,86208288,-0.1383,-3.8961,4.441,2.236,3854630400,N/A,3854630400,868160000,0,868160000,210.9467,2.2716,2.8573,-32.6779,
600460.SH,Ê¿À¼Î¢,2013-02-01,3.4111,3.3803,3.4264,3.365,3.4264,10179895,45014421,0.0154,0.4505,4.4219,1.1726,3871993600,N/A,3871993600,868160000,0,868160000,211.8969,2.2818,2.8702,-32.8251,
600460.SH,Ê¿À¼Î¢,2013-02-04,3.4264,3.4341,3.4956,3.3726,3.3803,13839800,61683230,-0.0461,-1.3453,4.4569,1.5942,3819904000,N/A,3819904000,868160000,0,868160000,209.0463,2.2511,2.8316,-32.3835,
600460.SH,Ê¿À¼Î¢,2013-02-05,3.3803,3.365,3.4187,3.2881,3.4187,10435833,45343785,0.0384,1.1364,4.345,1.2021,3863312000,N/A,3863312000,868160000,0,868160000,211.4218,2.2767,2.8638,-32.7515,
600460.SH,Ê¿À¼Î¢,2013-02-06,3.4187,3.4341,3.4418,3.3803,3.4111,6867234,30531589,-0.0077,-0.2247,4.446,0.791,3854630400,N/A,3854630400,868160000,0,868160000,210.9467,2.2716,2.8573,-32.6779,
600460.SH,Ê¿À¼Î¢,2013-02-07,3.4111,3.4111,3.4111,3.3496,3.3803,5588009,24594092,-0.0307,-0.9009,4.4012,0.6437,3819904000,N/A,3819904000,868160000,0,868160000,209.0463,2.2511,2.8316,-32.3835,
600460.SH,Ê¿À¼Î¢,2013-02-08,3.3803,3.3803,3.4418,3.3803,3.4341,7168608,31954109,0.0538,1.5909,4.4575,0.8257,3880675200,N/A,3880675200,868160000,0,868160000,212.372,2.2869,2.8767,-32.8987,
600460.SH,Ê¿À¼Î¢,2013-02-18,3.4341,3.4648,3.7798,3.4572,3.7798,37670852,179984627,0.3457,10.0671,4.7778,4.3392,4271347200,N/A,4271347200,868160000,0,868160000,233.7517,2.5172,3.1662,-36.2106,
600460.SH,Ê¿À¼Î¢,2013-02-19,3.7798,3.8874,4.1486,3.6339,3.9796,54803381,277042665,0.1997,5.2846,5.0552,6.3126,4497068800,N/A,4497068800,868160000,0,868160000,246.1045,2.6502,3.3336,-38.1242,
600460.SH,Ê¿À¼Î¢,2013-02-20,3.9796,3.9027,4.0257,3.8413,3.9181,27802258,142330199,-0.0615,-1.5444,5.1194,3.2024,4427616000,N/A,4427616000,868160000,0,868160000,242.3036,2.6093,3.2821,-37.5354,
600460.SH,Ê¿À¼Î¢,2013-02-21,3.9181,3.9104,3.9104,3.7414,3.7491,20542700,101905825,-0.169,-4.3137,4.9607,2.3662,4236620800,N/A,4236620800,868160000,0,868160000,231.8513,2.4967,3.1405,-35.9162,
600460.SH,Ê¿À¼Î¢,2013-02-22,3.7491,3.7184,3.7721,3.6569,3.6876,12626974,61050662,-0.0615,-1.6393,4.8349,1.4545,4167168000,N/A,4167168000,868160000,0,868160000,228.0505,2.4558,3.089,-35.3274,
600460.SH,Ê¿À¼Î¢,2013-02-25,3.6876,3.6799,3.9104,3.6723,3.7875,17910020,89026800,0.0999,2.7083,4.9708,2.063,4280028800,N/A,4280028800,868160000,0,868160000,234.2269,2.5223,3.1727,-36.2842,
600460.SH,Ê¿À¼Î¢,2013-02-26,3.7875,3.7491,3.7798,3.6723,3.6799,11645563,56392779,-0.1076,-2.8398,4.8424,1.3414,4158486400,N/A,4158486400,868160000,0,868160000,227.5754,2.4506,3.0826,-35.2538,
600460.SH,Ê¿À¼Î¢,2013-02-27,3.6799,3.6799,3.7798,3.6492,3.7184,10896946,52601231,0.0384,1.0438,4.8272,1.2552,4201894400,N/A,4201894400,868160000,0,868160000,229.9509,2.4762,3.1148,-35.6218,
600460.SH,Ê¿À¼Î¢,2013-02-28,3.7184,3.7491,3.7952,3.6646,3.7875,13296332,64578557,0.0691,1.8595,4.8569,1.5316,4280028800,N/A,4280028800,868160000,0,868160000,234.2269,2.5223,3.1727,-36.2842,
600460.SH,Ê¿À¼Î¢,2013-03-01,3.7875,3.7645,3.8951,3.7184,3.7645,17050521,83860977,-0.023,-0.6085,4.9184,1.964,4253984000,N/A,4253984000,868160000,0,868160000,232.8015,2.5069,3.1534,-36.0634,
600460.SH,Ê¿À¼Î¢,2013-03-04,3.7645,3.726,3.726,3.5417,3.5954,13746764,65194209,-0.169,-4.4898,4.7425,1.5834,4062988800,N/A,4062988800,868160000,0,868160000,222.3492,2.3944,3.0118,-34.4442,
600460.SH,Ê¿À¼Î¢,2013-03-05,3.5954,3.5954,3.6569,3.5801,3.6492,8701375,41078754,0.0538,1.4957,4.7209,1.0023,4123760000,N/A,4123760000,868160000,0,868160000,225.675,2.4302,3.0568,-34.9594,
600460.SH,Ê¿À¼Î¢,2013-03-06,3.6492,3.6646,3.9412,3.6262,3.9027,28661201,142278754,0.2535,6.9474,4.9642,3.3014,4410252800,N/A,4410252800,868160000,0,868160000,241.3534,2.599,3.2692,-37.3882,
600460.SH,Ê¿À¼Î¢,2013-03-07,3.9027,3.8797,3.8797,3.7107,3.7721,15681519,77433984,-0.1306,-3.3465,4.9379,1.8063,4262665600,N/A,4262665600,868160000,0,868160000,233.2766,2.512,3.1598,-36.137,
600460.SH,Ê¿À¼Î¢,2013-03-08,3.7721,3.7645,3.9642,3.7568,3.8259,18616021,93842977,0.0538,1.4257,5.041,2.1443,4323436800,N/A,4323436800,868160000,0,868160000,236.6024,2.5479,3.2049,-36.6522,
600460.SH,Ê¿À¼Î¢,2013-03-11,3.8259,3.8259,3.8259,3.7184,3.7491,9538866,46603369,-0.0768,-2.008,4.8856,1.0987,4236620800,N/A,4236620800,868160000,0,868160000,231.8513,2.4967,3.1405,-35.9162,
600460.SH,Ê¿À¼Î¢,2013-03-12,3.7491,3.7491,3.7798,3.5724,3.6492,10811289,51616816,-0.0999,-2.6639,4.7743,1.2453,4123760000,N/A,4123760000,868160000,0,868160000,225.675,2.4302,3.0568,-34.9594,
600460.SH,Ê¿À¼Î¢,2013-03-13,3.6492,3.6262,3.6723,3.534,3.5724,7402496,34374170,-0.0768,-2.1053,4.6436,0.8527,4036944000,N/A,4036944000,868160000,0,868160000,220.9239,2.379,2.9925,-34.2234,
600460.SH,Ê¿À¼Î¢,2013-03-14,3.5724,3.5724,3.6415,3.5417,3.5878,5260728,24576266,0.0154,0.4301,4.6716,0.606,4054307200,N/A,4054307200,868160000,0,868160000,221.8741,2.3893,3.0054,-34.3706,
600460.SH,Ê¿À¼Î¢,2013-03-15,3.5878,3.5878,3.6262,3.4572,3.5263,7370598,34025157,-0.0615,-1.7131,4.6163,0.849,3984854400,N/A,3984854400,868160000,0,868160000,218.0733,2.3483,2.9539,-33.7819,
600460.SH,Ê¿À¼Î¢,2013-03-18,3.5263,3.4879,3.5724,3.4725,3.557,5052714,23264235,0.0307,0.8715,4.6043,0.582,4019580800,N/A,4019580800,868160000,0,868160000,219.9737,2.3688,2.9796,-34.0763,
600460.SH,Ê¿À¼Î¢,2013-03-19,3.557,3.5417,3.5878,3.4725,3.5801,6054915,27850203,0.023,0.6479,4.5996,0.6974,4045625600,N/A,4045625600,868160000,0,868160000,221.399,2.3841,2.9989,-34.297,
600460.SH,Ê¿À¼Î¢,2013-03-20,3.5801,3.5801,3.726,3.5647,3.7107,10478869,49959339,0.1306,3.6481,4.7676,1.207,4193212800,N/A,4193212800,868160000,0,868160000,229.4758,2.4711,3.1083,-35.5482,
600460.SH,Ê¿À¼Î¢,2013-03-21,3.7107,3.726,3.7491,3.6723,3.726,8891702,42921056,0.0154,0.4141,4.8271,1.0242,4210576000,N/A,4210576000,868160000,0,868160000,230.426,2.4813,3.1212,-35.6954,
600460.SH,Ê¿À¼Î¢,2013-03-22,3.726,3.7337,3.7414,3.6646,3.6799,7312312,35127042,-0.0461,-1.2371,4.8038,0.8423,4158486400,N/A,4158486400,868160000,0,868160000,227.5754,2.4506,3.0826,-35.2538,
600460.SH,Ê¿À¼Î¢,2013-03-25,3.6799,3.6569,3.7107,3.5724,3.6031,7175484,33752837,-0.0768,-2.0877,4.7039,0.8265,4071670400,N/A,4071670400,868160000,0,868160000,222.8243,2.3995,3.0182,-34.5178,
600460.SH,Ê¿À¼Î¢,2013-03-26,3.6031,3.6031,3.6031,3.5032,3.534,6568241,30283325,-0.0691,-1.919,4.6106,0.7566,3993536000,N/A,3993536000,868160000,0,868160000,218.5484,2.3534,2.9603,-33.8555,
600460.SH,Ê¿À¼Î¢,2013-03-27,3.534,3.534,3.5724,3.5032,3.534,5165728,23801882,0,0,4.6077,0.595,3993536000,N/A,3993536000,868160000,0,868160000,218.5484,2.3534,2.9603,-33.8555,
600460.SH,Ê¿À¼Î¢,2013-03-28,3.534,3.5263,3.5263,3.3342,3.3573,9851570,43339638,-0.1767,-5,4.3993,1.1348,3793859200,N/A,3793859200,868160000,0,868160000,207.621,2.2358,2.8123,-32.1627,
600460.SH,Ê¿À¼Î¢,2013-03-29,3.3573,3.3496,3.3726,3.3342,3.3419,3900734,17024098,-0.0154,-0.4577,4.3643,0.4493,3776496000,N/A,3776496000,868160000,0,868160000,206.6708,2.2255,2.7994,-32.0155,
600460.SH,Ê¿À¼Î¢,2013-04-01,3.3419,3.3419,3.4187,3.3265,3.3726,3816889,16803662,0.0307,0.9195,4.4024,0.4397,3811222400,N/A,3811222400,868160000,0,868160000,208.5712,2.246,2.8252,-32.3099,
600460.SH,Ê¿À¼Î¢,2013-04-02,3.3726,3.365,3.4111,3.2958,3.3189,4950324,21521560,-0.0538,-1.5945,4.3475,0.5702,3750451200,N/A,3750451200,868160000,0,868160000,205.2454,2.2102,2.7801,-31.7947,
600460.SH,Ê¿À¼Î¢,2013-04-03,3.3189,3.3189,3.3419,3.2267,3.3035,3970329,16909595,-0.0154,-0.463,4.259,0.4573,3733088000,N/A,3733088000,868160000,0,868160000,204.2952,2.2,2.7673,-31.6475,
600460.SH,Ê¿À¼Î¢,2013-04-08,3.3035,3.2728,3.2958,3.1575,3.2958,4366052,18365046,-0.0077,-0.2326,4.2063,0.5029,3724406400,N/A,3724406400,868160000,0,868160000,203.8201,2.1948,2.7608,-31.5739,
600460.SH,Ê¿À¼Î¢,2013-04-09,3.2958,3.2651,3.365,3.2651,3.3496,4261967,18489435,0.0538,1.6317,4.3382,0.4909,3785177600,N/A,3785177600,868160000,0,868160000,207.1459,2.2307,2.8059,-32.0891,
600460.SH,Ê¿À¼Î¢,2013-04-10,3.3496,3.3265,3.365,3.3189,3.3419,2981691,12942575,-0.0077,-0.2294,4.3407,0.3434,3776496000,N/A,3776496000,868160000,0,868160000,206.6708,2.2255,2.7994,-32.0155,
600460.SH,Ê¿À¼Î¢,2013-04-11,3.3419,3.3573,3.3726,3.2651,3.2805,3591311,15486383,-0.0615,-1.8391,4.3122,0.4137,3707043200,N/A,3707043200,868160000,0,868160000,202.8699,2.1846,2.7479,-31.4267,
600460.SH,Ê¿À¼Î¢,2013-04-12,3.2805,3.2805,3.2805,3.1883,3.219,4350628,18304766,-0.0615,-1.8735,4.2074,0.5011,3637590400,N/A,3637590400,868160000,0,868160000,199.0691,2.1437,2.6965,-30.8379,
600460.SH,Ê¿À¼Î¢,2013-04-15,3.219,3.1422,3.2267,3.1422,3.1499,2912063,12002193,-0.0691,-2.148,4.1215,0.3354,3559456000,N/A,3559456000,868160000,0,868160000,194.7931,2.0976,2.6385,-30.1755,
600460.SH,Ê¿À¼Î¢,2013-04-16,3.1499,3.1345,3.2036,3.073,3.1959,4967109,20250411,0.0461,1.4634,4.0769,0.5721,3611545600,N/A,3611545600,868160000,0,868160000,197.6438,2.1283,2.6772,-30.6171,
600460.SH,Ê¿À¼Î¢,2013-04-17,3.1959,3.5186,3.5186,3.5186,3.5186,6618985,30314951,0.3227,10.0962,4.58,0.7624,3976172800,N/A,3976172800,868160000,0,868160000,217.5982,2.3432,2.9474,-33.7083,
600460.SH,Ê¿À¼Î¢,2013-04-18,3.5186,3.6876,3.8336,3.6185,3.8029,60317326,295199965,0.2843,8.0786,4.8941,6.9477,4297392000,N/A,4297392000,868160000,0,868160000,235.1771,2.5325,3.1856,-36.4314,
600460.SH,Ê¿À¼Î¢,2013-04-19,3.8029,3.703,3.7798,3.6646,3.7491,34590619,168109860,-0.0538,-1.4141,4.86,3.9844,4236620800,N/A,4236620800,868160000,0,868160000,231.8513,2.4967,3.1405,-35.9162,
600460.SH,Ê¿À¼Î¢,2013-04-22,3.7491,3.6723,3.703,3.5878,3.6492,26963996,127740476,-0.0999,-2.6639,4.7374,3.1059,4123760000,N/A,4123760000,868160000,0,868160000,225.675,2.4302,3.0568,-34.9594,
600460.SH,Ê¿À¼Î¢,2013-04-23,3.6492,3.6108,3.6108,3.4648,3.4956,18239325,83908324,-0.1537,-4.2105,4.6004,2.1009,3950128000,N/A,3950128000,868160000,0,868160000,216.1729,2.3279,2.9281,-33.4875,
600460.SH,Ê¿À¼Î¢,2013-04-24,3.4956,3.4956,3.6108,3.4802,3.6031,19858829,91786972,0.1076,3.0769,4.622,2.2875,4071670400,N/A,4071670400,868160000,0,868160000,222.8243,2.3995,3.0182,-34.5178,
600460.SH,Ê¿À¼Î¢,2013-04-25,3.6031,3.6415,3.6492,3.4956,3.5032,15272919,70982029,-0.0999,-2.7719,4.6476,1.7592,3958809600,N/A,3958809600,868160000,0,868160000,216.648,2.333,2.9346,-33.5611,
600460.SH,Ê¿À¼Î¢,2013-04-26,3.5032,3.4648,3.5493,3.3112,3.3419,12989289,57666011,-0.1613,-4.6053,4.4395,1.4962,3776496000,N/A,3776496000,868160000,0,868160000,206.6708,2.2255,2.7994,-32.0155,
600460.SH,Ê¿À¼Î¢,2013-05-02,3.3419,3.3419,3.3726,3.2728,3.3496,6266952,27156223,0.0077,0.2299,4.3332,0.7219,3785177600,N/A,3785177600,868160000,0,868160000,207.1459,2.2307,2.8059,-32.0891,
600460.SH,Ê¿À¼Î¢,2013-05-03,3.3496,3.3573,3.4418,3.3496,3.4341,7204711,31997476,0.0845,2.5229,4.4412,0.8299,3880675200,N/A,3880675200,868160000,0,868160000,212.372,2.2869,2.8767,-32.8987,
600460.SH,Ê¿À¼Î¢,2013-05-06,3.4341,3.4187,3.5032,3.4187,3.4956,8649371,39108868,0.0615,1.7897,4.5216,0.9963,3950128000,N/A,3950128000,868160000,0,868160000,216.1729,2.3279,2.9281,-33.4875,
600460.SH,Ê¿À¼Î¢,2013-05-07,3.4956,3.4879,3.4879,3.4187,3.4725,7504504,33651896,-0.023,-0.6593,4.4842,0.8644,3924083200,N/A,3924083200,868160000,0,868160000,214.7475,2.3125,2.9088,-33.2667,
600460.SH,Ê¿À¼Î¢,2013-05-08,3.4725,3.4879,3.6723,3.4572,3.6646,20102705,93705424,0.1921,5.531,4.6613,2.3156,4141123200,N/A,4141123200,868160000,0,868160000,226.6252,2.4404,3.0697,-35.1066,
600460.SH,Ê¿À¼Î¢,2013-05-09,3.6646,3.6339,3.703,3.5724,3.6569,16407645,77600271,-0.0077,-0.2096,4.7295,1.8899,4132441600,N/A,4132441600,868160000,0,868160000,226.1501,2.4353,3.0633,-35.033,
600460.SH,Ê¿À¼Î¢,2013-05-10,3.6569,3.6569,3.6646,3.5417,3.6108,10740330,50275741,-0.0461,-1.2605,4.681,1.2371,4080352000,N/A,4080352000,868160000,0,868160000,223.2994,2.4046,3.0247,-34.5914,
600460.SH,Ê¿À¼Î¢,2013-05-13,3.6108,3.6415,3.7414,3.6185,3.6953,16044478,76775318,0.0845,2.3404,4.7852,1.8481,4175849600,N/A,4175849600,868160000,0,868160000,228.5256,2.4609,3.0955,-35.401,
600460.SH,Ê¿À¼Î¢,2013-05-14,3.6953,3.703,3.7337,3.5878,3.6108,8643649,40855819,-0.0845,-2.2869,4.7267,0.9956,4080352000,N/A,4080352000,868160000,0,868160000,223.2994,2.4046,3.0247,-34.5914,
600460.SH,Ê¿À¼Î¢,2013-05-15,3.6108,3.5954,3.9719,3.5724,3.9719,40239734,202302924,0.3611,10,5.0274,4.6351,4488387200,N/A,4488387200,868160000,0,868160000,245.6294,2.6451,3.3271,-38.0506,
600460.SH,Ê¿À¼Î¢,2013-05-16,3.9719,4.041,4.1025,3.8797,3.9258,56761114,294717119,-0.0461,-1.1605,5.1922,6.5381,4436297600,N/A,4436297600,868160000,0,868160000,242.7787,2.6144,3.2885,-37.609,
600460.SH,Ê¿À¼Î¢,2013-05-17,3.9258,3.9027,4.3176,3.8566,4.3176,63007893,341829036,0.3918,9.9804,5.4252,7.2576,4879059200,N/A,4879059200,868160000,0,868160000,267.0091,2.8753,3.6167,-41.3625,
600460.SH,Ê¿À¼Î¢,2013-05-20,4.3176,4.4559,4.7478,4.3867,4.7478,85861782,518144025,0.4302,9.9644,6.0346,9.8901,5365228800,N/A,5365228800,868160000,0,868160000,293.615,3.1618,3.9771,-45.4841,
600460.SH,Ê¿À¼Î¢,2013-05-21,4.7478,4.7709,5.132,4.6633,4.8938,72570814,455206723,0.146,3.0744,6.2726,8.3592,5530179200,N/A,5530179200,868160000,0,868160000,302.642,3.259,4.0994,-46.8824,
600460.SH,Ê¿À¼Î¢,2013-05-22,4.8938,4.8477,4.8784,4.7094,4.7555,37641122,233607346,-0.1383,-2.8257,6.2062,4.3357,5373910400,N/A,5373910400,868160000,0,868160000,294.0901,3.1669,3.9836,-45.5577,
600460.SH,Ê¿À¼Î¢,2013-05-23,4.7555,4.7248,5.1473,4.7248,4.817,54716745,350326593,0.0615,1.2924,6.4025,6.3026,5443363200,N/A,5443363200,868160000,0,868160000,297.8909,3.2078,4.035,-46.1465,
600460.SH,Ê¿À¼Î¢,2013-05-24,4.817,4.7786,5.301,4.6479,5.2856,55518583,361913488,0.4686,9.7289,6.5188,6.395,5972940800,N/A,5972940800,868160000,0,868160000,326.8724,3.5199,4.4276,-50.636,
600460.SH,Ê¿À¼Î¢,2013-05-27,5.2856,5.1473,5.5007,5.1166,5.3163,45655692,314849350,0.0307,0.5814,6.8962,5.2589,6007667200,N/A,6007667200,868160000,0,868160000,328.7728,3.5404,4.4533,-50.9304,
600460.SH,Ê¿À¼Î¢,2013-05-28,5.3163,5.3086,5.3086,4.9168,5.0782,37848199,249510036,-0.2382,-4.4798,6.5924,4.3596,5738537600,N/A,5738537600,868160000,0,868160000,314.0445,3.3818,4.2538,-48.6488,
600460.SH,Ê¿À¼Î¢,2013-05-29,5.0782,5.0782,5.493,4.9322,5.301,45194996,312386223,0.2228,4.3873,6.912,5.2058,5990304000,N/A,5990304000,868160000,0,868160000,327.8226,3.5302,4.4405,-50.7832,
600460.SH,Ê¿À¼Î¢,2013-05-30,5.301,5.301,5.3855,5.1934,5.2472,29757463,204322555,-0.0538,-1.0145,6.8663,3.4276,5929532800,N/A,5929532800,868160000,0,868160000,324.4968,3.4943,4.3954,-50.268,
600460.SH,Ê¿À¼Î¢,2013-05-31,5.2472,5.2472,5.301,4.9937,5.0013,25891114,171428136,-0.2458,-4.6852,6.6211,2.9823,5651721600,N/A,5651721600,868160000,0,868160000,309.2935,3.3306,4.1895,-47.9128,
600460.SH,Ê¿À¼Î¢,2013-06-03,5.0013,4.9553,5.1243,4.9168,4.9706,16944956,110514922,-0.0307,-0.6144,6.522,1.9518,5616995200,N/A,5616995200,868160000,0,868160000,307.393,3.3102,4.1637,-47.6184,
600460.SH,Ê¿À¼Î¢,2013-06-04,4.9706,4.9245,5.009,4.6095,4.84,23061073,143772103,-0.1306,-2.6275,6.2344,2.6563,5469408000,N/A,5469408000,868160000,0,868160000,299.3163,3.2232,4.0543,-46.3673,
600460.SH,Ê¿À¼Î¢,2013-06-05,4.84,4.8016,5.0474,4.7709,4.9399,20082192,128934410,0.0999,2.0635,6.4203,2.3132,5582268800,N/A,5582268800,868160000,0,868160000,305.4926,3.2897,4.138,-47.324,
600460.SH,Ê¿À¼Î¢,2013-06-06,4.9399,4.9553,4.9553,4.7401,4.7632,12501052,78298430,-0.1767,-3.577,6.2633,1.4399,5382592000,N/A,5382592000,868160000,0,868160000,294.5652,3.172,3.99,-45.6313,
600460.SH,Ê¿À¼Î¢,2013-06-07,4.7632,4.7709,4.9245,4.6633,4.8707,15701176,97936424,0.1076,2.2581,6.2375,1.8086,5504134400,N/A,5504134400,868160000,0,868160000,301.2167,3.2437,4.0801,-46.6616,
600460.SH,Ê¿À¼Î¢,2013-06-13,4.8707,4.7555,4.817,4.5481,4.7709,11848379,72736096,-0.0999,-2.0505,6.1389,1.3648,5391273600,N/A,5391273600,868160000,0,868160000,295.0403,3.1771,3.9964,-45.7049,
600460.SH,Ê¿À¼Î¢,2013-06-14,4.7709,4.7786,5.2241,4.7786,5.1396,30773082,201060851,0.3688,7.7295,6.5337,3.5446,5807990400,N/A,5807990400,868160000,0,868160000,317.8454,3.4227,4.3053,-49.2376,
600460.SH,Ê¿À¼Î¢,2013-06-17,5.1396,5.0705,5.2626,5.0167,5.0628,23235397,155350518,-0.0768,-1.4948,6.6859,2.6764,5721174400,N/A,5721174400,868160000,0,868160000,313.0943,3.3716,4.241,-48.5016,
600460.SH,Ê¿À¼Î¢,2013-06-18,5.0628,5.0705,5.1243,4.7786,4.9399,18363349,117683704,-0.1229,-2.4279,6.4086,2.1152,5582268800,N/A,5582268800,868160000,0,868160000,305.4926,3.2897,4.138,-47.324,
600460.SH,Ê¿À¼Î¢,2013-06-19,4.9399,4.8477,5.0167,4.7555,4.986,13107474,83598211,0.0461,0.9331,6.3779,1.5098,5634358400,N/A,5634358400,868160000,0,868160000,308.3433,3.3204,4.1766,-47.7656,
600460.SH,Ê¿À¼Î¢,2013-06-20,4.986,4.9168,4.9629,4.7248,4.7401,12005287,75591570,-0.2458,-4.9307,6.2965,1.3828,5356547200,N/A,5356547200,868160000,0,868160000,293.1399,3.1567,3.9707,-45.4105,
600460.SH,Ê¿À¼Î¢,2013-06-21,4.7401,4.5788,4.7094,4.3176,4.5942,13964358,82977803,-0.146,-3.0794,5.9421,1.6085,5191596800,N/A,5191596800,868160000,0,868160000,284.1129,3.0595,3.8484,-44.0121,
600460.SH,Ê¿À¼Î¢,2013-06-24,4.5942,4.5942,4.6479,4.1486,4.1793,15085489,85671102,-0.4149,-9.0301,5.679,1.7376,4722790400,N/A,4722790400,868160000,0,868160000,258.4572,2.7832,3.5009,-40.0378,
600460.SH,Ê¿À¼Î¢,2013-06-25,4.1793,4.1102,4.4328,3.8106,4.356,22128874,120103814,0.1767,4.2279,5.4275,2.5489,4922467200,N/A,4922467200,868160000,0,868160000,269.3846,2.9009,3.6489,-41.7305,
600460.SH,Ê¿À¼Î¢,2013-06-26,4.356,4.2946,4.5634,4.2254,4.5097,19822966,113996349,0.1537,3.5273,5.7507,2.2833,5096099200,N/A,5096099200,868160000,0,868160000,278.8867,3.0032,3.7776,-43.2025,
600460.SH,Ê¿À¼Î¢,2013-06-27,4.5097,4.5173,4.6019,4.2715,4.2792,17795052,102814235,-0.2305,-5.1107,5.7777,2.0497,4835651200,N/A,4835651200,868160000,0,868160000,264.6336,2.8497,3.5846,-40.9945,
600460.SH,Ê¿À¼Î¢,2013-06-28,4.2792,4.2638,4.4175,4.1102,4.2946,11160087,62497706,0.0154,0.3591,5.6001,1.2855,4853014400,N/A,4853014400,868160000,0,868160000,265.5838,2.8599,3.5974,-41.1417,
600460.SH,Ê¿À¼Î¢,2013-07-01,4.2946,4.2869,4.3944,4.2177,4.3867,9530767,53506950,0.0922,2.1467,5.6141,1.0978,4957193600,N/A,4957193600,868160000,0,868160000,271.2851,2.9213,3.6747,-42.0249,
600460.SH,Ê¿À¼Î¢,2013-07-02,4.3867,4.3944,4.502,4.333,4.4636,14642251,84325279,0.0768,1.7513,5.759,1.6866,5044009600,N/A,5044009600,868160000,0,868160000,276.0361,2.9725,3.739,-42.7609,
600460.SH,Ê¿À¼Î¢,2013-07-03,4.4636,4.4328,4.4713,4.2869,4.4559,13468207,77084220,-0.0077,-0.1721,5.7234,1.5514,5035328000,N/A,5035328000,868160000,0,868160000,275.561,2.9674,3.7326,-42.6873,
600460.SH,Ê¿À¼Î¢,2013-07-04,4.4559,4.3791,4.5711,4.3253,4.4328,14854355,86359687,-0.023,-0.5172,5.8138,1.711,5009283200,N/A,5009283200,868160000,0,868160000,274.1357,2.952,3.7133,-42.4665,
600460.SH,Ê¿À¼Î¢,2013-07-05,4.4328,4.4328,4.5481,4.4021,4.4866,14977338,87642519,0.0538,1.2132,5.8517,1.7252,5070054400,N/A,5070054400,868160000,0,868160000,277.4614,2.9878,3.7583,-42.9817,
600460.SH,Ê¿À¼Î¢,2013-07-08,4.4866,4.4328,4.4328,4.041,4.0564,16750321,91752172,-0.4302,-9.589,5.4776,1.9294,4583884800,N/A,4583884800,868160000,0,868160000,250.8555,2.7013,3.3979,-38.8602,
600460.SH,Ê¿À¼Î¢,2013-07-09,4.0564,4.0257,4.1332,3.9412,4.0103,8713037,45533967,-0.0461,-1.1364,5.226,1.0036,4531795200,N/A,4531795200,868160000,0,868160000,248.0049,2.6706,3.3593,-38.4186,
600460.SH,Ê¿À¼Î¢,2013-07-10,4.0103,4.0333,4.1793,4.0103,4.1563,10545205,56468247,0.146,3.6398,5.3549,1.2147,4696745600,N/A,4696745600,868160000,0,868160000,257.0319,2.7679,3.4816,-39.817,
600460.SH,Ê¿À¼Î¢,2013-07-11,4.1563,4.4175,4.5711,4.3867,4.4098,25185717,146242268,0.2535,6.0998,5.8066,2.901,4983238400,N/A,4983238400,868160000,0,868160000,272.7104,2.9367,3.694,-42.2457,
600460.SH,Ê¿À¼Î¢,2013-07-12,4.4098,4.3791,4.5558,4.3099,4.4482,21731720,126235304,0.0384,0.8711,5.8088,2.5032,5026646400,N/A,5026646400,868160000,0,868160000,275.0859,2.9623,3.7261,-42.6137,
600460.SH,Ê¿À¼Î¢,2013-07-15,4.4482,4.4943,4.6787,4.4943,4.6479,21714022,130255373,0.1997,4.4905,5.9987,2.5012,5252368000,N/A,5252368000,868160000,0,868160000,287.4386,3.0953,3.8935,-44.5273,
600460.SH,Ê¿À¼Î¢,2013-07-16,4.6479,4.6556,4.9399,4.5711,4.8631,27308294,171473099,0.2151,4.6281,6.2792,3.1455,5495452800,N/A,5495452800,868160000,0,868160000,300.7416,3.2385,4.0737,-46.5881,
600460.SH,Ê¿À¼Î¢,2013-07-17,4.8631,4.8784,4.8784,4.671,4.6864,21388253,132586498,-0.1767,-3.6335,6.199,2.4636,5295776000,N/A,5295776000,868160000,0,868160000,289.8142,3.1209,3.9256,-44.8953,
600460.SH,Ê¿À¼Î¢,2013-07-18,4.6864,4.6479,4.7094,4.502,4.5711,17162551,102858593,-0.1152,-2.459,5.9932,1.9769,5165552000,N/A,5165552000,868160000,0,868160000,282.6876,3.0441,3.8291,-43.7913,
600460.SH,Ê¿À¼Î¢,2013-07-19,4.5711,4.6095,4.84,4.5711,4.6172,26922926,165216536,0.0461,1.0084,6.1366,3.1011,5217641600,N/A,5217641600,868160000,0,868160000,285.5382,3.0748,3.8677,-44.2329,
600460.SH,Ê¿À¼Î¢,2013-07-22,4.6172,4.5788,4.8938,4.5173,4.8707,24180786,150255704,0.2535,5.4908,6.2138,2.7853,5504134400,N/A,5504134400,868160000,0,868160000,301.2167,3.2437,4.0801,-46.6616,
600460.SH,Ê¿À¼Î¢,2013-07-23,4.8707,4.8938,4.9399,4.7939,4.9092,23886810,151520098,0.0384,0.7886,6.3433,2.7514,5547542400,N/A,5547542400,868160000,0,868160000,303.5922,3.2692,4.1123,-47.0296,
600460.SH,Ê¿À¼Î¢,2013-07-24,4.9092,4.8784,5.1166,4.7709,5.0551,26383262,168756625,0.146,2.9734,6.3964,3.039,5712492800,N/A,5712492800,868160000,0,868160000,312.6192,3.3664,4.2345,-48.428,
600460.SH,Ê¿À¼Î¢,2013-07-25,5.0551,5.009,5.0321,4.7632,4.7709,20578710,130705899,-0.2843,-5.6231,6.3515,2.3704,5391273600,N/A,5391273600,868160000,0,868160000,295.0403,3.1771,3.9964,-45.7049,
600460.SH,Ê¿À¼Î¢,2013-07-26,4.7709,4.8631,4.9092,4.7017,4.8477,16778031,105338313,0.0768,1.6103,6.2783,1.9326,5478089600,N/A,5478089600,868160000,0,868160000,299.7914,3.2283,4.0608,-46.4409,
600460.SH,Ê¿À¼Î¢,2013-07-29,4.8477,4.8323,4.9706,4.7094,4.7939,15810100,99723047,-0.0538,-1.1094,6.3076,1.8211,5417318400,N/A,5417318400,868160000,0,868160000,296.4656,3.1925,4.0157,-45.9257,
600460.SH,Ê¿À¼Î¢,2013-07-30,4.7939,4.8016,4.8707,4.5634,4.7248,14478288,88782716,-0.0691,-1.4423,6.1321,1.6677,5339184000,N/A,5339184000,868160000,0,868160000,292.1897,3.1464,3.9578,-45.2633,
600460.SH,Ê¿À¼Î¢,2013-07-31,4.7248,4.7478,4.84,4.7017,4.7478,10374662,64506055,0.023,0.4878,6.2177,1.195,5365228800,N/A,5365228800,868160000,0,868160000,293.615,3.1618,3.9771,-45.4841,
600460.SH,Ê¿À¼Î¢,2013-08-01,4.7478,4.7632,4.9937,4.7094,4.9553,29588062,189434475,0.2074,4.3689,6.4024,3.4081,5599632000,N/A,5599632000,868160000,0,868160000,306.4428,3.2999,4.1509,-47.4712,
600460.SH,Ê¿À¼Î¢,2013-08-02,4.9553,4.9937,5.1089,4.9168,4.9322,27398268,178725691,-0.023,-0.4651,6.5232,3.1559,5573587200,N/A,5573587200,868160000,0,868160000,305.0175,3.2846,4.1316,-47.2504,
600460.SH,Ê¿À¼Î¢,2013-08-05,4.9322,4.9476,4.9629,4.8631,4.9553,18520692,118508754,0.023,0.4673,6.3987,2.1333,5599632000,N/A,5599632000,868160000,0,868160000,306.4428,3.2999,4.1509,-47.4712,
600460.SH,Ê¿À¼Î¢,2013-08-06,4.9553,5.0244,5.0244,4.8861,4.9399,19629785,126316378,-0.0154,-0.3101,6.4349,2.2611,5582268800,N/A,5582268800,868160000,0,868160000,305.4926,3.2897,4.138,-47.324,
600460.SH,Ê¿À¼Î¢,2013-08-07,4.9399,5.009,5.4316,5.0013,5.4162,72030172,501101734,0.4763,9.6423,6.9568,8.2969,6120528000,N/A,6120528000,868160000,0,868160000,334.9491,3.6069,4.537,-51.8872,
600460.SH,Ê¿À¼Î¢,2013-08-08,5.4162,5.2165,5.616,5.2011,5.4777,66858373,473599129,0.0615,1.1348,7.0836,7.7012,6189980800,N/A,6189980800,868160000,0,868160000,338.75,3.6478,4.5885,-52.476,
600460.SH,Ê¿À¼Î¢,2013-08-09,5.4777,5.4546,5.5852,5.3471,5.5084,33189829,235603279,0.0307,0.561,7.0987,3.823,6224707200,N/A,6224707200,868160000,0,868160000,340.6504,3.6683,4.6142,-52.7704,
600460.SH,Ê¿À¼Î¢,2013-08-12,5.5084,5.5545,5.5545,5.3701,5.4623,25629465,181398908,-0.0461,-0.8368,7.0777,2.9522,6172617600,N/A,6172617600,868160000,0,868160000,337.7998,3.6376,4.5756,-52.3288,
600460.SH,Ê¿À¼Î¢,2013-08-13,5.4623,5.5161,5.5238,5.3547,5.3778,19158970,134732812,-0.0845,-1.5471,7.0324,2.2068,6077120000,N/A,6077120000,868160000,0,868160000,332.5736,3.5813,4.5048,-51.5192,
600460.SH,Ê¿À¼Î¢,2013-08-14,5.3778,5.3778,5.4316,5.2549,5.2933,21568665,149036765,-0.0845,-1.5714,6.9099,2.4844,5981622400,N/A,5981622400,868160000,0,868160000,327.3475,3.525,4.434,-50.7096,
600460.SH,Ê¿À¼Î¢,2013-08-15,5.2933,5.3547,5.4239,5.2779,5.301,18807771,130699960,0.0077,0.1451,6.9493,2.1664,5990304000,N/A,5990304000,868160000,0,868160000,327.8226,3.5302,4.4405,-50.7832,
600460.SH,Ê¿À¼Î¢,2013-08-16,5.301,5.2318,5.3471,5.009,5.0321,28397941,190987393,-0.2689,-5.0725,6.7254,3.271,5686448000,N/A,5686448000,868160000,0,868160000,311.1939,3.3511,4.2152,-48.2072,
600460.SH,Ê¿À¼Î¢,2013-08-19,5.0321,4.9783,5.1857,4.9553,5.1704,15635293,103489300,0.1383,2.7481,6.619,1.801,5842716800,N/A,5842716800,868160000,0,868160000,319.7458,3.4432,4.3311,-49.532,
600460.SH,Ê¿À¼Î¢,2013-08-20,5.1704,5.132,5.2626,5.0628,5.1012,19300623,129662997,-0.0691,-1.3373,6.7181,2.2232,5764582400,N/A,5764582400,868160000,0,868160000,315.4698,3.3971,4.2731,-48.8696,
600460.SH,Ê¿À¼Î¢,2013-08-21,5.1012,5.0935,5.2165,5.0321,5.2088,15103374,100938641,0.1076,2.1084,6.6832,1.7397,5886124800,N/A,5886124800,868160000,0,868160000,322.1213,3.4688,4.3632,-49.9,
600460.SH,Ê¿À¼Î¢,2013-08-22,5.2088,5.1934,5.2165,5.1243,5.1627,10979578,73749520,-0.0461,-0.885,6.717,1.2647,5834035200,N/A,5834035200,868160000,0,868160000,319.2707,3.4381,4.3246,-49.4584,
600460.SH,Ê¿À¼Î¢,2013-08-23,5.1627,5.1627,5.1857,4.8861,5.0321,17046538,111971455,-0.1306,-2.5298,6.5686,1.9635,5686448000,N/A,5686448000,868160000,0,868160000,311.1939,3.3511,4.2152,-48.2072,
600460.SH,Ê¿À¼Î¢,2013-08-26,5.0321,5.0244,5.1627,5.0013,5.1396,12015993,80015858,0.1076,2.1374,6.6591,1.3841,5807990400,N/A,5807990400,868160000,0,868160000,317.8454,3.4227,4.3053,-49.2376,
600460.SH,Ê¿À¼Î¢,2013-08-27,5.1396,5.1396,5.2318,5.0935,5.2165,15738289,105881173,0.0768,1.4948,6.7276,1.8128,5894806400,N/A,5894806400,868160000,0,868160000,322.5964,3.4739,4.3697,-49.9736,
600460.SH,Ê¿À¼Î¢,2013-08-28,5.2165,5.155,5.1934,5.0398,5.0551,14143531,94231910,-0.1613,-3.0928,6.6625,1.6291,5712492800,N/A,5712492800,868160000,0,868160000,312.6192,3.3664,4.2345,-48.428,
600460.SH,Ê¿À¼Î¢,2013-08-29,5.0551,5.0551,5.132,4.9245,4.9553,12891274,84234486,-0.0999,-1.9757,6.5342,1.4849,5599632000,N/A,5599632000,868160000,0,868160000,306.4428,3.2999,4.1509,-47.4712,
600460.SH,Ê¿À¼Î¢,2013-08-30,4.9553,4.9553,4.9706,4.6864,4.7632,18026573,113716045,-0.1921,-3.876,6.3082,2.0764,5382592000,N/A,5382592000,868160000,0,868160000,294.5652,3.172,3.99,-45.6313,
600460.SH,Ê¿À¼Î¢,2013-09-02,4.7632,4.7555,4.8323,4.7248,4.8016,9940957,61870244,0.0384,0.8065,6.2238,1.1451,5426000000,N/A,5426000000,868160000,0,868160000,296.9407,3.1976,4.0222,-45.9993,
600460.SH,Ê¿À¼Î¢,2013-09-03,4.8016,4.84,4.9015,4.7555,4.8938,9586641,60318234,0.0922,1.92,6.2919,1.1042,5530179200,N/A,6111123200,868160000,0,959360000,334.4345,3.6014,4.53,-51.8074,
600460.SH,Ê¿À¼Î¢,2013-09-04,4.8938,4.8784,4.9092,4.7939,4.8323,8196421,51671168,-0.0615,-1.2559,6.3041,0.9441,5460726400,N/A,6034374400,868160000,0,959360000,330.2343,3.5561,4.4731,-51.1568,
600460.SH,Ê¿À¼Î¢,2013-09-05,4.8323,4.8477,5.0321,4.7862,4.9783,16162625,103994900,0.146,3.0207,6.4343,1.8617,5625676800,N/A,6216652800,868160000,0,959360000,340.2096,3.6636,4.6083,-52.7021,
600460.SH,Ê¿À¼Î¢,2013-09-06,4.9783,4.9629,5.0782,4.9245,5.0244,16177963,105797919,0.0461,0.9259,6.5396,1.8635,5677766400,N/A,6274214400,868160000,0,959360000,343.3597,3.6975,4.6509,-53.1901,
600460.SH,Ê¿À¼Î¢,2013-09-09,5.0244,5.0321,5.0705,4.9476,5.0398,13468486,87800681,0.0154,0.3058,6.519,1.5514,5695129600,N/A,6293401600,868160000,0,959360000,344.4097,3.7088,4.6652,-53.3527,
600460.SH,Ê¿À¼Î¢,2013-09-10,5.0398,5.0244,5.0551,4.9476,4.986,11456605,74334414,-0.0538,-1.0671,6.4883,1.3196,5634358400,N/A,6226246400,868160000,0,959360000,340.7346,3.6692,4.6154,-52.7834,
600460.SH,Ê¿À¼Î¢,2013-09-11,4.986,4.9706,4.9706,4.7632,4.7786,16912550,105952081,-0.2074,-4.1602,6.2647,1.9481,5399955200,N/A,5967219200,868160000,0,959360000,326.5592,3.5166,4.4234,-50.5875,
600460.SH,Ê¿À¼Î¢,2013-09-12,4.7786,4.7478,4.817,4.694,4.7401,10007476,61908432,-0.0384,-0.8039,6.1862,1.1527,5356547200,N/A,5919251200,868160000,0,959360000,323.9342,3.4883,4.3878,-50.1808,
600460.SH,Ê¿À¼Î¢,2013-09-13,4.7401,4.7401,4.817,4.7401,4.7939,7107433,44222366,0.0538,1.1345,6.222,0.8187,5417318400,N/A,5986406400,868160000,0,959360000,327.6093,3.5279,4.4376,-50.7501,
600460.SH,Ê¿À¼Î¢,2013-09-16,4.7939,4.9092,4.9553,4.8246,4.8938,9059673,57523827,0.0999,2.0833,6.3494,1.0435,5530179200,N/A,6111123200,868160000,0,959360000,334.4345,3.6014,4.53,-51.8074,
600460.SH,Ê¿À¼Î¢,2013-09-17,4.8938,4.8938,4.9015,4.7248,4.7325,7188455,44754227,-0.1613,-3.2967,6.2258,0.828,5347865600,N/A,5909657600,868160000,0,959360000,323.4092,3.4826,4.3807,-50.0995,
600460.SH,Ê¿À¼Î¢,2013-09-18,4.7325,4.7248,4.7555,4.6172,4.6864,7964467,48456909,-0.0461,-0.974,6.0841,0.9174,5295776000,N/A,5852096000,868160000,0,959360000,320.2591,3.4487,4.338,-49.6115,
600460.SH,Ê¿À¼Î¢,2013-09-23,4.6864,4.694,4.7939,4.694,4.7939,5854984,36255443,0.1076,2.2951,6.1922,0.6744,5417318400,N/A,5986406400,868160000,0,959360000,327.6093,3.5279,4.4376,-50.7501,
600460.SH,Ê¿À¼Î¢,2013-09-24,4.7939,4.7939,4.8016,4.6633,4.7325,7231029,44442207,-0.0615,-1.2821,6.146,0.8329,5347865600,N/A,5909657600,868160000,0,959360000,323.4092,3.4826,4.3807,-50.0995,
600460.SH,Ê¿À¼Î¢,2013-09-25,4.7325,4.7248,4.7401,4.6633,4.671,7618145,46449721,-0.0615,-1.2987,6.0972,0.8775,5278412800,N/A,5832908800,868160000,0,959360000,319.209,3.4374,4.3238,-49.4489,
600460.SH,Ê¿À¼Î¢,2013-09-26,4.671,4.6479,4.6479,4.5327,4.5481,8019995,47779771,-0.1229,-2.6316,5.9576,0.9238,5139507200,N/A,5679411200,868160000,0,959360000,310.8088,3.3469,4.21,-48.1476,
600460.SH,Ê¿À¼Î¢,2013-09-27,4.5481,4.5481,4.6479,4.5481,4.5942,4110369,24599469,0.0461,1.0135,5.9847,0.4735,5191596800,N/A,5736972800,868160000,0,959360000,313.9589,3.3809,4.2527,-48.6356,
600460.SH,Ê¿À¼Î¢,2013-09-30,4.5942,4.6249,4.6403,4.5481,4.6249,4617934,27639086,0.0307,0.6689,5.9852,0.5319,5226323200,N/A,5775347200,868160000,0,959360000,316.0589,3.4035,4.2811,-48.9609,
600460.SH,Ê¿À¼Î¢,2013-10-08,4.6249,4.6326,4.8861,4.6172,4.8477,15326345,95659774,0.2228,4.8173,6.2415,1.7654,5478089600,N/A,6053561600,868160000,0,959360000,331.2844,3.5674,4.4874,-51.3195,
600460.SH,Ê¿À¼Î¢,2013-10-09,4.8477,4.8477,4.8477,4.7709,4.84,9829791,61563802,-0.0077,-0.1585,6.263,1.1323,5469408000,N/A,6043968000,868160000,0,959360000,330.7594,3.5618,4.4803,-51.2381,
600460.SH,Ê¿À¼Î¢,2013-10-10,4.84,4.84,4.9399,4.7862,4.9015,14854615,94154797,0.0615,1.2698,6.3384,1.711,5538860800,N/A,6120716800,868160000,0,959360000,334.9595,3.607,4.5371,-51.8888,
600460.SH,Ê¿À¼Î¢,2013-10-11,4.9015,4.9015,5.0474,4.8861,4.9399,16095488,104066558,0.0384,0.7837,6.4656,1.854,5582268800,N/A,6168684800,868160000,0,959360000,337.5846,3.6353,4.5727,-52.2954,
600460.SH,Ê¿À¼Î¢,2013-10-14,4.9399,4.9245,4.9322,4.8093,4.8554,10934474,69088733,-0.0845,-1.7107,6.3184,1.2595,5486771200,N/A,6063155200,868160000,0,959360000,331.8094,3.5731,4.4945,-51.4008,
600460.SH,Ê¿À¼Î¢,2013-10-15,4.8554,4.84,4.9322,4.7786,4.9168,10171151,64008623,0.0615,1.2658,6.2932,1.1716,5556224000,N/A,6139904000,868160000,0,959360000,336.0095,3.6183,4.5514,-52.0514,
600460.SH,Ê¿À¼Î¢,2013-10-16,4.9168,4.9168,4.9245,4.6864,4.7017,9794054,60967839,-0.2151,-4.375,6.225,1.1281,5313139200,N/A,5871283200,868160000,0,959360000,321.3091,3.46,4.3522,-49.7742,
600460.SH,Ê¿À¼Î¢,2013-10-17,4.7017,4.7555,4.8477,4.7017,4.7325,7594229,47273665,0.0307,0.6536,6.2249,0.8747,5347865600,N/A,5909657600,868160000,0,959360000,323.4092,3.4826,4.3807,-50.0995,
600460.SH,Ê¿À¼Î¢,2013-10-18,4.7325,4.7478,4.7555,4.6479,4.7171,5187291,31809416,-0.0154,-0.3247,6.1322,0.5975,5330502400,N/A,5890470400,868160000,0,959360000,322.3591,3.4713,4.3665,-49.9368,
600460.SH,Ê¿À¼Î¢,2013-10-21,4.7171,4.7248,4.8861,4.6864,4.8554,10642986,66925206,0.1383,2.9316,6.2882,1.2259,5486771200,N/A,6063155200,868160000,0,959360000,331.8094,3.5731,4.4945,-51.4008,
600460.SH,Ê¿À¼Î¢,2013-10-22,4.8554,4.8861,4.9245,4.7632,4.8323,10972561,69133262,-0.023,-0.4747,6.3006,1.2639,5460726400,N/A,6034374400,868160000,0,959360000,330.2343,3.5561,4.4731,-51.1568,
600460.SH,Ê¿À¼Î¢,2013-10-23,4.8323,4.8093,4.8861,4.7171,4.7555,7078015,44058413,-0.0768,-1.5898,6.2247,0.8153,5373910400,N/A,5938438400,868160000,0,959360000,324.9842,3.4996,4.402,-50.3435,
600460.SH,Ê¿À¼Î¢,2013-10-24,4.7555,4.694,4.7401,4.6864,4.694,5279297,32372301,-0.0615,-1.2924,6.1319,0.6081,5304457600,N/A,5861689600,868160000,0,959360000,320.7841,3.4544,4.3451,-49.6928,
600460.SH,Ê¿À¼Î¢,2013-10-25,4.694,4.6864,4.7478,4.5942,4.6172,6074188,36824865,-0.0768,-1.6367,6.0625,0.6997,5217641600,N/A,5765753600,868160000,0,959360000,315.5339,3.3978,4.274,-48.8795,
600460.SH,Ê¿À¼Î¢,2013-10-28,4.6172,4.6249,4.6326,4.1716,4.3944,12961133,74081438,-0.2228,-4.8253,5.7157,1.4929,4965875200,N/A,5487539200,868160000,0,959360000,300.3085,3.2339,4.0678,-46.521,
600460.SH,Ê¿À¼Î¢,2013-10-29,4.3944,4.3791,4.4175,4.1486,4.2485,7859532,43783614,-0.146,-3.3217,5.5708,0.9053,4800924800,N/A,5305260800,868160000,0,959360000,290.3332,3.1265,3.9327,-44.9757,
600460.SH,Ê¿À¼Î¢,2013-10-30,4.2485,4.2485,4.3867,4.2408,4.3637,4188378,23525484,0.1152,2.7125,5.6168,0.4824,4931148800,N/A,5449164800,868160000,0,959360000,298.2084,3.2113,4.0393,-46.1956,
600460.SH,Ê¿À¼Î¢,2013-10-31,4.3637,4.4175,4.4328,4.2715,4.2946,4994332,28340119,-0.0691,-1.5845,5.6745,0.5753,4853014400,N/A,5362822400,868160000,0,959360000,293.4833,3.1604,3.9753,-45.4637,
600460.SH,Ê¿À¼Î¢,2013-11-01,4.2946,4.3253,4.333,4.1947,4.2485,4146954,22882101,-0.0461,-1.0733,5.5178,0.4777,4800924800,N/A,5305260800,868160000,0,959360000,290.3332,3.1265,3.9327,-44.9757,
600460.SH,Ê¿À¼Î¢,2013-11-04,4.2485,4.2715,4.3253,4.2408,4.3176,3420662,19095751,0.0691,1.6275,5.5825,0.394,4879059200,N/A,5391603200,868160000,0,959360000,295.0584,3.1773,3.9967,-45.7077,
600460.SH,Ê¿À¼Î¢,2013-11-05,4.3176,4.3176,4.333,4.2331,4.333,3930615,21954567,0.0154,0.3559,5.5855,0.4528,4896422400,N/A,5410790400,868160000,0,959360000,296.1084,3.1886,4.0109,-45.8703,
600460.SH,Ê¿À¼Î¢,2013-11-06,4.333,4.3176,4.4943,4.3022,4.3406,8821023,50448048,0.0077,0.1773,5.7191,1.0161,4905104000,N/A,5420384000,868160000,0,959360000,296.6334,3.1943,4.018,-45.9516,
600460.SH,Ê¿À¼Î¢,2013-11-07,4.3406,4.3253,4.333,4.21,4.2561,3827240,21223300,-0.0845,-1.9469,5.5453,0.4408,4809606400,N/A,5314854400,868160000,0,959360000,290.8582,3.1321,3.9398,-45.057,
600460.SH,Ê¿À¼Î¢,2013-11-08,4.2561,4.2715,4.2869,4.1486,4.1563,4392503,24050420,-0.0999,-2.3466,5.4753,0.506,4696745600,N/A,5190137600,868160000,0,959360000,284.033,3.0586,3.8473,-43.9997,
600460.SH,Ê¿À¼Î¢,2013-11-11,4.1563,4.1563,4.2408,4.1486,4.1716,2314921,12601555,0.0154,0.3697,5.4436,0.2666,4714108800,N/A,5209324800,868160000,0,959360000,285.0831,3.0699,3.8616,-44.1624,
600460.SH,Ê¿À¼Î¢,2013-11-12,4.1716,4.2024,4.2715,4.1716,4.2024,4324731,23687932,0.0307,0.7366,5.4773,0.4981,4748835200,N/A,5247699200,868160000,0,959360000,287.1831,3.0925,3.89,-44.4877,
600460.SH,Ê¿À¼Î¢,2013-11-13,4.2024,4.2177,4.3406,4.1947,4.21,9460999,52678275,0.0077,0.1828,5.5679,1.0898,4757516800,N/A,5257292800,868160000,0,959360000,287.7081,3.0982,3.8971,-44.569,
600460.SH,Ê¿À¼Î¢,2013-11-14,4.21,4.1486,4.2331,4.0718,4.1947,8430643,45563864,-0.0154,-0.365,5.4046,0.9711,4740153600,N/A,5238105600,868160000,0,959360000,286.6581,3.0869,3.8829,-44.4064,
600460.SH,Ê¿À¼Î¢,2013-11-15,4.1947,4.21,4.3099,4.21,4.2869,11559333,64529526,0.0922,2.1978,5.5825,1.3315,4844332800,N/A,5353228800,868160000,0,959360000,292.9583,3.1547,3.9682,-45.3823,
600460.SH,Ê¿À¼Î¢,2013-11-18,4.2869,4.3022,4.4482,4.3022,4.4098,12283200,70033562,0.1229,2.8674,5.7016,1.4149,4983238400,N/A,5506726400,868160000,0,959360000,301.3585,3.2452,4.082,-46.6836,
600460.SH,Ê¿À¼Î¢,2013-11-19,4.4098,4.4252,4.4713,4.3637,4.4098,11480577,66099048,0,0,5.7575,1.3224,4983238400,N/A,5506726400,868160000,0,959360000,301.3585,3.2452,4.082,-46.6836,
600460.SH,Ê¿À¼Î¢,2013-11-20,4.4098,4.4175,4.4943,4.3406,4.4636,10120264,58521484,0.0538,1.2195,5.7826,1.1657,5044009600,N/A,5573881600,868160000,0,959360000,305.0336,3.2848,4.1318,-47.2529,
600460.SH,Ê¿À¼Î¢,2013-11-21,4.4636,4.4943,4.5942,4.4713,4.5481,17173728,101642633,0.0845,1.8933,5.9185,1.9782,5139507200,N/A,5679411200,868160000,0,959360000,310.8088,3.3469,4.21,-48.1476,
600460.SH,Ê¿À¼Î¢,2013-11-22,4.5481,4.5327,4.5404,4.4098,4.4252,9448313,54832859,-0.1229,-2.7027,5.8035,1.0883,5000601600,N/A,5525913600,868160000,0,959360000,302.4086,3.2565,4.0962,-46.8463,
600460.SH,Ê¿À¼Î¢,2013-11-25,4.4252,4.4021,4.5788,4.3791,4.4866,12545104,74005646,0.0615,1.3889,5.8992,1.445,5070054400,N/A,5602662400,868160000,0,959360000,306.6087,3.3017,4.1531,-47.4969,
600460.SH,Ê¿À¼Î¢,2013-11-26,4.4866,4.4636,4.9322,4.4636,4.9322,33864284,214188156,0.4456,9.9315,6.3249,3.9007,5573587200,N/A,6159091200,868160000,0,959360000,337.0595,3.6296,4.5656,-52.2141,
600460.SH,Ê¿À¼Î¢,2013-11-27,4.9322,5.0705,5.1166,4.9015,5.0705,55192315,360777538,0.1383,2.8037,6.5367,6.3574,5729856000,N/A,6331776000,868160000,0,959360000,346.5098,3.7314,4.6936,-53.678,
600460.SH,Ê¿À¼Î¢,2013-11-28,5.0705,5.0551,5.178,4.9937,5.0398,38545085,254666561,-0.0307,-0.6061,6.607,4.4399,5695129600,N/A,6293401600,868160000,0,959360000,344.4097,3.7088,4.6652,-53.3527,
600460.SH,Ê¿À¼Î¢,2013-11-29,5.0398,5.0013,5.1396,4.9476,5.0782,27565222,181207561,0.0384,0.7622,6.5738,3.1751,5738537600,N/A,6341369600,868160000,0,959360000,347.0348,3.737,4.7007,-53.7594,
600460.SH,Ê¿À¼Î¢,2013-12-02,5.0782,4.9553,5.009,4.6095,4.6787,28763823,180174316,-0.3995,-7.8669,6.2639,3.3132,5287094400,N/A,5842502400,868160000,0,959360000,319.7341,3.4431,4.3309,-49.5302,
600460.SH,Ê¿À¼Î¢,2013-12-03,4.6787,4.6864,4.8707,4.6479,4.8631,20946410,130268863,0.1844,3.9409,6.2191,2.4127,5495452800,N/A,6072748800,868160000,0,959360000,332.3344,3.5787,4.5016,-51.4821,
600460.SH,Ê¿À¼Î¢,2013-12-04,4.8631,4.8246,4.9783,4.7786,4.8323,23342992,148123271,-0.0307,-0.6319,6.3455,2.6888,5460726400,N/A,6034374400,868160000,0,959360000,330.2343,3.5561,4.4731,-51.1568,
600460.SH,Ê¿À¼Î¢,2013-12-05,4.8323,4.8246,4.9629,4.7862,4.817,21475596,136056012,-0.0154,-0.318,6.3354,2.4737,5443363200,N/A,6015187200,868160000,0,959360000,329.1843,3.5448,4.4589,-50.9941,
600460.SH,Ê¿À¼Î¢,2013-12-06,4.817,4.7939,4.8554,4.7171,4.7786,14878451,92367822,-0.0384,-0.7974,6.2082,1.7138,5399955200,N/A,5967219200,868160000,0,959360000,326.5592,3.5166,4.4234,-50.5875,
600460.SH,Ê¿À¼Î¢,2013-12-09,4.7786,4.8016,4.8554,4.7709,4.8246,9911306,62123163,0.0461,0.9646,6.2679,1.1416,5452044800,N/A,6024780800,868160000,0,959360000,329.7093,3.5505,4.466,-51.0755,
600460.SH,Ê¿À¼Î¢,2013-12-10,4.8246,4.8246,4.8477,4.694,4.7478,11943386,74006212,-0.0768,-1.5924,6.1964,1.3757,5365228800,N/A,5928844800,868160000,0,959360000,324.4592,3.4939,4.3949,-50.2622,
600460.SH,Ê¿À¼Î¢,2013-12-11,4.7478,4.7478,4.7786,4.5481,4.6019,15706369,95091618,-0.146,-3.0744,6.0543,1.8092,5200278400,N/A,5746566400,868160000,0,959360000,314.4839,3.3865,4.2598,-48.7169,
600460.SH,Ê¿À¼Î¢,2013-12-12,4.6019,4.5788,4.694,4.5788,4.6556,8323413,50428682,0.0538,1.1686,6.0587,0.9587,5261049600,N/A,5813721600,868160000,0,959360000,318.159,3.4261,4.3096,-49.2862,
600460.SH,Ê¿À¼Î¢,2013-12-13,4.6556,4.6479,4.7171,4.6095,4.6864,6853088,41755135,0.0307,0.6601,6.0929,0.7894,5295776000,N/A,5852096000,868160000,0,959360000,320.2591,3.4487,4.338,-49.6115,
600460.SH,Ê¿À¼Î¢,2013-12-16,4.6864,4.6864,4.7094,4.5634,4.5711,7322237,44023948,-0.1152,-2.459,6.0124,0.8434,5165552000,N/A,5708192000,868160000,0,959360000,312.3838,3.3639,4.2313,-48.3916,
600460.SH,Ê¿À¼Î¢,2013-12-17,4.5711,4.5711,4.6556,4.5404,4.6172,7111054,42671878,0.0461,1.0084,6.0008,0.8191,5217641600,N/A,5765753600,868160000,0,959360000,315.5339,3.3978,4.274,-48.8795,
600460.SH,Ê¿À¼Î¢,2013-12-18,4.6172,4.6172,4.7555,4.5558,4.6787,12375405,75277652,0.0615,1.3311,6.0828,1.4255,5287094400,N/A,5842502400,868160000,0,959360000,319.7341,3.4431,4.3309,-49.5302,
600460.SH,Ê¿À¼Î¢,2013-12-19,4.6787,4.671,4.7325,4.5711,4.5711,10202564,61712256,-0.1076,-2.2989,6.0487,1.1752,5165552000,N/A,5708192000,868160000,0,959360000,312.3838,3.3639,4.2313,-48.3916,
600460.SH,Ê¿À¼Î¢,2013-12-20,4.5711,4.5481,4.5788,4.3791,4.3867,10707839,61980455,-0.1844,-4.0336,5.7883,1.2334,4957193600,N/A,5477945600,868160000,0,959360000,299.7835,3.2282,4.0607,-46.4396,
600460.SH,Ê¿À¼Î¢,2013-12-23,4.3867,4.3944,4.4175,4.2715,4.333,6175903,34909132,-0.0538,-1.2259,5.6525,0.7114,4896422400,N/A,5410790400,868160000,0,959360000,296.1084,3.1886,4.0109,-45.8703,
600460.SH,Ê¿À¼Î¢,2013-12-24,4.333,4.333,4.5404,4.333,4.4482,9531160,55316620,0.1152,2.6596,5.8038,1.0979,5026646400,N/A,5554694400,868160000,0,959360000,303.9836,3.2735,4.1176,-47.0903,
600460.SH,Ê¿À¼Î¢,2013-12-25,4.4482,4.4866,4.5481,4.4328,4.5404,9410033,55210694,0.0922,2.0725,5.8672,1.0839,5130825600,N/A,5669817600,868160000,0,959360000,310.2838,3.3413,4.2029,-48.0662,
600460.SH,Ê¿À¼Î¢,2013-12-26,4.5404,4.4943,4.5788,4.4175,4.4328,7132429,41739146,-0.1076,-2.3689,5.852,0.8216,5009283200,N/A,5535507200,868160000,0,959360000,302.9336,3.2621,4.1033,-46.9276,
600460.SH,Ê¿À¼Î¢,2013-12-27,4.4328,4.4252,4.7171,4.4252,4.6403,15304430,92220967,0.2074,4.6794,6.0258,1.7629,5243686400,N/A,5794534400,868160000,0,959360000,317.109,3.4148,4.2954,-49.1235,
600460.SH,Ê¿À¼Î¢,2013-12-30,4.6403,4.6864,4.7017,4.6095,4.6326,8725160,52638289,-0.0077,-0.1656,6.0329,1.005,5235004800,N/A,5784940800,868160000,0,959360000,316.584,3.4091,4.2882,-49.0422,
600460.SH,Ê¿À¼Î¢,2013-12-31,4.6326,4.6095,4.6556,4.5558,4.6095,6065949,36363715,-0.023,-0.4975,5.9947,0.6987,5208960000,N/A,5756160000,868160000,0,959360000,315.0089,3.3922,4.2669,-48.7982,
600460.SH,Ê¿À¼Î¢,2014-01-02,4.6095,4.6556,4.8093,4.6249,4.7862,18174892,112196067,0.1767,3.8333,6.1731,2.0935,5408636800,N/A,5976812800,868160000,0,959360000,51.8516,2.6476,3.649,26.7938,
600460.SH,Ê¿À¼Î¢,2014-01-03,4.7862,4.7478,4.8861,4.7171,4.817,19205085,120145405,0.0307,0.6421,6.2559,2.2122,5443363200,N/A,6015187200,868160000,0,959360000,52.1845,2.6646,3.6724,26.9659,
600460.SH,Ê¿À¼Î¢,2014-01-06,4.817,4.7939,4.9476,4.7094,4.7555,21981353,138282790,-0.0615,-1.2759,6.2909,2.5319,5373910400,N/A,5938438400,868160000,0,959360000,51.5187,2.6306,3.6256,26.6218,
600460.SH,Ê¿À¼Î¢,2014-01-07,4.7555,4.7325,4.9476,4.694,4.8784,21970463,139093255,0.1229,2.5848,6.3309,2.5307,5512816000,N/A,6091936000,868160000,0,959360000,52.8503,2.6986,3.7193,27.3099,
600460.SH,Ê¿À¼Î¢,2014-01-08,4.8784,4.9092,4.9322,4.7632,4.8477,17975663,113503736,-0.0307,-0.6299,6.3143,2.0705,5478089600,N/A,6053561600,868160000,0,959360000,52.5174,2.6816,3.6959,27.1379,
600460.SH,Ê¿À¼Î¢,2014-01-09,4.8477,4.8246,4.84,4.6326,4.6633,15834691,97768269,-0.1844,-3.8035,6.1743,1.8239,5269731200,N/A,5823315200,868160000,0,959360000,50.5199,2.5796,3.5553,26.1057,
600460.SH,Ê¿À¼Î¢,2014-01-10,4.6633,4.6249,4.7017,4.4636,4.5404,11957306,71587590,-0.1229,-2.6359,5.9869,1.3773,5130825600,N/A,5669817600,868160000,0,959360000,49.1883,2.5116,3.4616,25.4176,
600460.SH,Ê¿À¼Î¢,2014-01-13,4.5404,4.5097,4.6249,4.4943,4.5634,6404308,38043008,0.023,0.5076,5.9402,0.7377,5156870400,N/A,5698598400,868160000,0,959360000,49.438,2.5243,3.4791,25.5466,
600460.SH,Ê¿À¼Î¢,2014-01-14,4.5634,4.5558,4.6326,4.1486,4.6249,14641836,85667787,0.0615,1.3468,5.8509,1.6865,5226323200,N/A,5775347200,868160000,0,959360000,50.1038,2.5583,3.526,25.8907,
600460.SH,Ê¿À¼Î¢,2014-01-15,4.6249,4.6326,5.009,4.6172,4.8861,29687001,187691904,0.2612,5.6478,6.3224,3.4195,5521497600,N/A,6101529600,868160000,0,959360000,52.9336,2.7028,3.7251,27.3529,
600460.SH,Ê¿À¼Î¢,2014-01-16,4.8861,4.8861,4.986,4.7939,4.9168,18774429,119277106,0.0307,0.6289,6.3532,2.1626,5556224000,N/A,6139904000,868160000,0,959360000,53.2665,2.7198,3.7486,27.525,
600460.SH,Ê¿À¼Î¢,2014-01-17,4.9168,4.8784,5.009,4.8093,4.9706,24587446,158407296,0.0538,1.0937,6.4426,2.8321,5616995200,N/A,6207059200,868160000,0,959360000,53.8491,2.7496,3.7896,27.826,
600460.SH,Ê¿À¼Î¢,2014-01-20,4.9706,4.9476,5.0398,4.817,4.9553,16827110,108183700,-0.0154,-0.3091,6.4291,1.9382,5599632000,N/A,6187872000,868160000,0,959360000,53.6826,2.7411,3.7779,27.74,
600460.SH,Ê¿À¼Î¢,2014-01-21,4.9553,4.9476,5.2241,4.8707,5.1473,29674376,195577116,0.1921,3.876,6.5908,3.4181,5816672000,N/A,6427712000,868160000,0,959360000,55.7634,2.8473,3.9243,28.8152,
600460.SH,Ê¿À¼Î¢,2014-01-22,5.1473,5.1089,5.2395,5.0321,5.132,29368713,196167365,-0.0154,-0.2985,6.6795,3.3829,5799308800,N/A,6408524800,868160000,0,959360000,55.5969,2.8388,3.9126,28.7292,
600460.SH,Ê¿À¼Î¢,2014-01-23,5.132,5.1396,5.2549,5.0628,5.1857,25334807,169984300,0.0538,1.0479,6.7095,2.9182,5860080000,N/A,6475680000,868160000,0,959360000,56.1795,2.8686,3.9536,29.0302,
600460.SH,Ê¿À¼Î¢,2014-01-24,5.1857,5.1473,5.2241,5.0935,5.1627,27538424,184745059,-0.023,-0.4444,6.7086,3.172,5834035200,N/A,6446899200,868160000,0,959360000,55.9298,2.8558,3.936,28.9012,
600460.SH,Ê¿À¼Î¢,2014-01-27,5.1627,5.1012,5.4162,5.0782,5.3547,34971818,240896079,0.1921,3.7202,6.8883,4.0283,6051075200,N/A,6686739200,868160000,0,959360000,58.0105,2.9621,4.0824,29.9764,
600460.SH,Ê¿À¼Î¢,2014-01-28,5.3547,5.4546,5.5161,5.1704,5.2472,29748838,205581294,-0.1076,-2.0086,6.9106,3.4267,5929532800,N/A,6552428800,868160000,0,959360000,56.8453,2.9026,4.0004,29.3743,
600460.SH,Ê¿À¼Î¢,2014-01-29,5.2472,5.2472,5.3471,5.1934,5.2702,18084178,124247147,0.023,0.4392,6.8705,2.083,5955577600,N/A,6581209600,868160000,0,959360000,57.095,2.9153,4.018,29.5033,
600460.SH,Ê¿À¼Î¢,2014-01-30,5.2702,5.2549,5.2549,5.0628,5.0782,20095829,134633884,-0.1921,-3.6443,6.6996,2.3148,5738537600,N/A,6341369600,868160000,0,959360000,55.0143,2.8091,3.8716,28.4281,
600460.SH,Ê¿À¼Î¢,2014-02-07,5.0782,5.0244,5.4393,5.0013,5.4393,28078618,193814129,0.3611,7.1104,6.9026,3.2343,6146572800,N/A,6792268800,868160000,0,959360000,58.9261,3.0088,4.1469,30.4495,
600460.SH,Ê¿À¼Î¢,2014-02-10,5.4393,5.5238,5.8234,5.4469,5.662,42060381,308511005,0.2228,4.096,7.335,4.8448,6398339200,N/A,7070483200,868160000,0,959360000,61.3397,3.1321,4.3167,31.6967,
600460.SH,Ê¿À¼Î¢,2014-02-11,5.662,5.6467,5.8618,5.5775,5.808,35172016,262765417,0.146,2.578,7.4709,4.0513,6563289600,N/A,7252761600,868160000,0,959360000,62.921,3.2128,4.428,32.5139,
600460.SH,Ê¿À¼Î¢,2014-02-12,5.808,5.8234,6.0308,5.6928,5.8003,33330635,253848673,-0.0077,-0.1323,7.6161,3.8392,6554608000,N/A,7243168000,868160000,0,959360000,62.8378,3.2085,4.4221,32.4709,
600460.SH,Ê¿À¼Î¢,2014-02-13,5.8003,5.8387,6.0308,5.6851,5.7081,32663579,249732515,-0.0922,-1.5894,7.6456,3.7624,6450428800,N/A,7128044800,868160000,0,959360000,61.8391,3.1575,4.3519,31.9548,
600460.SH,Ê¿À¼Î¢,2014-02-14,5.7081,5.6851,5.8695,5.6544,5.8003,21151747,158691233,0.0922,1.6151,7.5025,2.4364,6554608000,N/A,7243168000,868160000,0,959360000,62.8378,3.2085,4.4221,32.4709,
600460.SH,Ê¿À¼Î¢,2014-02-17,5.8003,5.808,6.1845,5.7927,6.1691,29217831,228575874,0.3688,6.3576,7.8232,3.3655,6971324800,N/A,7703660800,868160000,0,959360000,66.8328,3.4125,4.7033,34.5352,
600460.SH,Ê¿À¼Î¢,2014-02-18,6.1691,6.1614,6.3919,5.9924,6.2075,40037674,323319981,0.0384,0.6227,8.0754,4.6118,7014732800,N/A,7751628800,868160000,0,959360000,67.2489,3.4338,4.7326,34.7503,
600460.SH,Ê¿À¼Î¢,2014-02-19,6.2075,6.2152,6.3381,6.0769,6.2152,25926860,208182524,0.0077,0.1238,8.0296,2.9864,7023414400,N/A,7761222400,868160000,0,959360000,67.3322,3.438,4.7384,34.7933,
600460.SH,Ê¿À¼Î¢,2014-02-20,6.2152,6.2382,6.2843,6.0001,6.1076,21566890,171847749,-0.1076,-1.7305,7.9681,2.4842,6901872000,N/A,7626912000,868160000,0,959360000,66.167,3.3785,4.6564,34.1912,
600460.SH,Ê¿À¼Î¢,2014-02-21,6.1076,6.1076,6.146,5.8157,5.9617,20212226,157315184,-0.146,-2.3899,7.7832,2.3282,6736921600,N/A,7444633600,868160000,0,959360000,64.5856,3.2978,4.5451,33.374,
600460.SH,Ê¿À¼Î¢,2014-02-24,5.9617,5.9847,6.438,5.9002,6.4303,37195057,301422764,0.4686,7.8608,8.1038,4.2844,7266499200,N/A,8029843200,868160000,0,959360000,69.6626,3.557,4.9024,35.9975,
600460.SH,Ê¿À¼Î¢,2014-02-25,6.4303,6.4764,6.5302,6.0385,6.0769,35708844,291339185,-0.3534,-5.4958,8.1587,4.1132,6867145600,N/A,7588537600,868160000,0,959360000,65.8341,3.3615,4.633,34.0191,
600460.SH,Ê¿À¼Î¢,2014-02-26,6.0769,5.977,6.3612,5.8387,6.3151,26842410,214035173,0.2382,3.9191,7.9738,3.0919,7136275200,N/A,7885939200,868160000,0,959360000,68.4141,3.4933,4.8146,35.3524,
600460.SH,Ê¿À¼Î¢,2014-02-27,6.3151,6.3304,6.6685,6.1998,6.2229,35512214,297293646,-0.0922,-1.4599,8.3716,4.0905,7032096000,N/A,7770816000,868160000,0,959360000,67.4154,3.4423,4.7443,34.8363,
600460.SH,Ê¿À¼Î¢,2014-02-28,6.2229,6.146,6.1921,5.8387,6.1153,22610919,177483092,-0.1076,-1.7284,7.8494,2.6045,6910553600,N/A,7636505600,868160000,0,959360000,66.2502,3.3828,4.6623,34.2342,
600460.SH,Ê¿À¼Î¢,2014-03-03,6.1153,6.0692,6.2152,5.9463,6.2075,16544618,131301508,0.0922,1.5075,7.9362,1.9057,7014732800,N/A,7751628800,868160000,0,959360000,67.2489,3.4338,4.7326,34.7503,
600460.SH,Ê¿À¼Î¢,2014-03-04,6.2075,6.0769,6.1768,5.9924,6.1,14941469,118070774,-0.1076,-1.7327,7.9022,1.7211,6893190400,N/A,7617318400,868160000,0,959360000,66.0837,3.3743,4.6506,34.1482,
600460.SH,Ê¿À¼Î¢,2014-03-05,6.1,6.1384,6.292,6.0615,6.0615,16370338,131526857,-0.0384,-0.6297,8.0345,1.8856,6849782400,N/A,7569350400,868160000,0,959360000,65.6676,3.353,4.6213,33.9331,
600460.SH,Ê¿À¼Î¢,2014-03-06,6.0615,6.0154,6.0462,5.8234,5.8772,18939764,145580791,-0.1844,-3.0418,7.6865,2.1816,6641424000,N/A,7339104000,868160000,0,959360000,63.6701,3.251,4.4807,32.9009,
600460.SH,Ê¿À¼Î¢,2014-03-07,5.8772,5.8387,5.9924,5.8234,5.8925,12905033,99047137,0.0154,0.2614,7.6751,1.4865,6658787200,N/A,7358291200,868160000,0,959360000,63.8366,3.2595,4.4924,32.987,
600460.SH,Ê¿À¼Î¢,2014-03-10,5.8925,5.8387,5.8541,5.4469,5.4546,17681381,129554228,-0.4379,-7.4316,7.3272,2.0367,6163936000,N/A,6811456000,868160000,0,959360000,59.0925,3.0173,4.1586,30.5355,
600460.SH,Ê¿À¼Î¢,2014-03-11,5.4546,5.3855,5.5238,5.3855,5.493,10989431,78280329,0.0384,0.7042,7.1232,1.2658,6207344000,N/A,6859424000,868160000,0,959360000,59.5087,3.0386,4.1879,30.7506,
600460.SH,Ê¿À¼Î¢,2014-03-12,5.493,5.493,5.5238,5.2088,5.3778,14820738,103310598,-0.1152,-2.0979,6.9707,1.7071,6077120000,N/A,6715520000,868160000,0,959360000,58.2602,2.9748,4.1,30.1054,
600460.SH,Ê¿À¼Î¢,2014-03-13,5.3778,5.3855,5.6236,5.3778,5.6083,15897667,114314143,0.2305,4.2857,7.1906,1.8312,6337568000,N/A,7003328000,868160000,0,959360000,60.7571,3.1023,4.2757,31.3957,
600460.SH,Ê¿À¼Î¢,2014-03-14,5.6083,5.5775,5.662,5.5314,5.5699,13750920,100169617,-0.0384,-0.6849,7.2846,1.5839,6294160000,N/A,6955360000,868160000,0,959360000,60.3409,3.0811,4.2464,31.1806,
600460.SH,Ê¿À¼Î¢,2014-03-17,5.5699,5.639,5.8234,5.6083,5.8157,14099605,105730018,0.2458,4.4138,7.4988,1.6241,6571971200,N/A,7262355200,868160000,0,959360000,63.0043,3.217,4.4339,32.5569,
600460.SH,Ê¿À¼Î¢,2014-03-18,5.8157,5.9386,5.9694,5.7696,5.8311,16722999,127813023,0.0154,0.2642,7.6429,1.9263,6589334400,N/A,7281542400,868160000,0,959360000,63.1707,3.2255,4.4456,32.6429,
600460.SH,Ê¿À¼Î¢,2014-03-19,5.8311,5.7696,5.8848,5.7312,5.8464,9704496,73532388,0.0154,0.2635,7.5771,1.1178,6606697600,N/A,7300729600,868160000,0,959360000,63.3372,3.234,4.4573,32.7289,
600460.SH,Ê¿À¼Î¢,2014-03-20,5.8464,5.8541,5.9617,5.5929,5.6236,15496990,117733517,-0.2228,-3.8108,7.5972,1.785,6354931200,N/A,7022515200,868160000,0,959360000,60.9235,3.1108,4.2874,31.4817,
600460.SH,Ê¿À¼Î¢,2014-03-21,5.6236,5.5699,5.8234,5.4239,5.7542,13091708,95732150,0.1306,2.3224,7.3124,1.508,6502518400,N/A,7185606400,868160000,0,959360000,62.3384,3.183,4.387,32.2128,
600460.SH,Ê¿À¼Î¢,2014-03-24,5.7542,5.8003,5.808,5.6697,5.7542,9410945,70360498,0,0,7.4765,1.084,6502518400,N/A,7185606400,868160000,0,959360000,62.3384,3.183,4.387,32.2128,
600460.SH,Ê¿À¼Î¢,2014-03-25,5.7542,5.7005,5.7235,5.5468,5.6467,12136480,88737322,-0.1076,-1.8692,7.3116,1.398,6380976000,N/A,7051296000,868160000,0,959360000,61.1732,3.1236,4.305,31.6107,
600460.SH,Ê¿À¼Î¢,2014-03-26,5.6467,5.6851,5.7696,5.6236,5.6697,11636669,86264849,0.023,0.4082,7.4132,1.3404,6407020800,N/A,7080076800,868160000,0,959360000,61.4229,3.1363,4.3226,31.7397,
600460.SH,Ê¿À¼Î¢,2014-03-27,5.6697,5.6083,5.7081,5.4623,5.5007,10730965,77857314,-0.169,-2.981,7.2554,1.2361,6216025600,N/A,6869017600,868160000,0,959360000,59.5919,3.0428,4.1937,30.7936,
600460.SH,Ê¿À¼Î¢,2014-03-28,5.5007,5.5007,5.5775,5.3471,5.3701,9881180,69861411,-0.1306,-2.3743,7.0701,1.1382,6068438400,N/A,6705926400,868160000,0,959360000,58.177,2.9706,4.0941,30.0624,
600460.SH,Ê¿À¼Î¢,2014-03-31,5.3701,5.3778,5.4546,5.2241,5.324,6413017,44693567,-0.0461,-0.8584,6.9692,0.7387,6016348800,N/A,6648364800,868160000,0,959360000,57.6776,2.9451,4.059,29.8044,
600460.SH,Ê¿À¼Î¢,2014-04-01,5.324,5.301,5.5314,5.2702,5.5161,10091376,71542335,0.1921,3.6075,7.0895,1.1624,6233388800,N/A,6888204800,868160000,0,959360000,59.7583,3.0513,4.2054,30.8796,
600460.SH,Ê¿À¼Î¢,2014-04-02,5.5161,5.5238,5.6467,5.5007,5.5238,10605113,76759365,0.0077,0.1393,7.238,1.2216,6242070400,N/A,6897798400,868160000,0,959360000,59.8416,3.0556,4.2113,30.9226,
600460.SH,Ê¿À¼Î¢,2014-04-03,5.5238,5.5391,5.6083,5.5007,5.5699,7945205,57486643,0.0461,0.8345,7.2354,0.9152,6294160000,N/A,6955360000,868160000,0,959360000,60.3409,3.0811,4.2464,31.1806,
600460.SH,Ê¿À¼Î¢,2014-04-04,5.5699,5.5545,5.5852,5.4316,5.5852,9230771,66492448,0.0154,0.2759,7.2033,1.0633,6311523200,N/A,6974547200,868160000,0,959360000,60.5074,3.0896,4.2581,31.2666,
600460.SH,Ê¿À¼Î¢,2014-04-08,5.5852,5.5391,5.616,5.47,5.6083,11909995,86172918,0.023,0.4127,7.2353,1.3719,6337568000,N/A,7003328000,868160000,0,959360000,60.7571,3.1023,4.2757,31.3957,
600460.SH,Ê¿À¼Î¢,2014-04-09,5.6083,5.6313,5.808,5.616,5.7696,14687911,109536027,0.1613,2.8767,7.4576,1.6918,6519881600,N/A,7204793600,868160000,0,959360000,62.5049,3.1915,4.3987,32.2988,
600460.SH,Ê¿À¼Î¢,2014-04-10,5.7696,5.808,5.9463,5.7619,5.7927,17693230,134778977,0.023,0.3995,7.6175,2.038,6545926400,N/A,7233574400,868160000,0,959360000,62.7546,3.2043,4.4163,32.4279,
600460.SH,Ê¿À¼Î¢,2014-04-11,5.7927,5.6851,5.785,5.6697,5.7235,8895613,66236015,-0.0691,-1.1936,7.4459,1.0247,6467792000,N/A,7147232000,868160000,0,959360000,62.0055,3.166,4.3636,32.0408,
600460.SH,Ê¿À¼Î¢,2014-04-14,5.7235,5.7312,5.8772,5.7081,5.8003,8484732,64143746,0.0768,1.3423,7.5599,0.9773,6554608000,N/A,7243168000,868160000,0,959360000,62.8378,3.2085,4.4221,32.4709,
600460.SH,Ê¿À¼Î¢,2014-04-15,5.8003,5.7927,5.8464,5.7005,5.7389,8902616,66720233,-0.0615,-1.0596,7.4945,1.0255,6485155200,N/A,7166419200,868160000,0,959360000,62.172,3.1745,4.3753,32.1268,
600460.SH,Ê¿À¼Î¢,2014-04-16,5.7389,5.8234,5.9002,5.7619,5.8311,17230751,130892257,0.0922,1.6064,7.5964,1.9847,6589334400,N/A,7281542400,868160000,0,959360000,63.1707,3.2255,4.4456,32.6429,
600460.SH,Ê¿À¼Î¢,2014-04-17,5.8311,5.8311,5.9386,5.8003,5.8618,13002190,99169699,0.0307,0.527,7.6272,1.4977,6624060800,N/A,7319916800,868160000,0,959360000,63.5036,3.2425,4.469,32.8149,
600460.SH,Ê¿À¼Î¢,2014-04-18,5.8618,5.8848,5.9079,5.808,5.9002,9472965,72402470,0.0384,0.6553,7.6431,1.0912,6667468800,N/A,7367884800,868160000,0,959360000,63.9198,3.2638,4.4983,33.03,
600460.SH,Ê¿À¼Î¢,2014-04-21,5.9002,5.8387,5.9156,5.6697,5.6697,12455184,94181993,-0.2305,-3.9062,7.5617,1.4347,6407020800,N/A,7080076800,868160000,0,959360000,61.4229,3.1363,4.3226,31.7397,
600460.SH,Ê¿À¼Î¢,2014-04-22,5.6697,5.6774,5.7312,5.4393,5.5545,12603018,90829979,-0.1152,-2.0325,7.207,1.4517,6276796800,N/A,6936172800,868160000,0,959360000,60.1745,3.0726,4.2347,31.0946,
600460.SH,Ê¿À¼Î¢,2014-04-23,5.5545,5.5699,5.6313,5.493,5.5622,6205008,44888676,0.0077,0.1383,7.2343,0.7147,6285478400,N/A,6945766400,868160000,0,959360000,60.2577,3.0768,4.2406,31.1376,
600460.SH,Ê¿À¼Î¢,2014-04-24,5.5622,5.5852,5.6006,5.4085,5.4162,7797864,55522783,-0.146,-2.6243,7.1203,0.8982,6120528000,N/A,6763488000,868160000,0,959360000,58.6764,2.9961,4.1293,30.3205,
600460.SH,Ê¿À¼Î¢,2014-04-25,5.4162,5.4239,5.4777,5.3624,5.3778,5517354,38973386,-0.0384,-0.7092,7.0638,0.6355,6077120000,N/A,6715520000,868160000,0,959360000,58.2602,2.9748,4.1,30.1054,
600460.SH,Ê¿À¼Î¢,2014-04-28,5.3778,5.3471,5.3547,5.1934,5.2088,6240911,42591896,-0.169,-3.1429,6.8246,0.7189,5886124800,N/A,6504460800,868160000,0,959360000,56.4292,2.8813,3.9711,29.1593,
600460.SH,Ê¿À¼Î¢,2014-04-29,5.2088,5.2011,5.4623,5.2011,5.4546,6244824,43258381,0.2458,4.7198,6.9271,0.7193,6163936000,N/A,6811456000,868160000,0,959360000,59.0925,3.0173,4.1586,30.5355,
600460.SH,Ê¿À¼Î¢,2014-04-30,5.4546,5.4239,5.5084,5.3932,5.47,4732121,33642550,0.0154,0.2817,7.1094,0.5451,6181299200,N/A,6830643200,868160000,0,959360000,59.259,3.0258,4.1703,30.6215,
600460.SH,Ê¿À¼Î¢,2014-05-05,5.47,5.4777,5.5161,5.4008,5.5161,4797967,34179675,0.0461,0.8427,7.1238,0.5527,6233388800,N/A,6888204800,868160000,0,959360000,59.7583,3.0513,4.2054,30.8796,
600460.SH,Ê¿À¼Î¢,2014-05-06,5.5161,5.5084,5.6697,5.493,5.5699,7958629,57870937,0.0538,0.9749,7.2715,0.9167,6294160000,N/A,6955360000,868160000,0,959360000,60.3409,3.0811,4.2464,31.1806,
600460.SH,Ê¿À¼Î¢,2014-05-07,5.5699,5.5622,5.5622,5.4239,5.4393,6342804,45418739,-0.1306,-2.3448,7.1607,0.7306,6146572800,N/A,6792268800,868160000,0,959360000,58.9261,3.0088,4.1469,30.4495,
600460.SH,Ê¿À¼Î¢,2014-05-08,5.4393,5.3932,5.5468,5.3932,5.4546,5146544,36726098,0.0154,0.2825,7.1361,0.5928,6163936000,N/A,6811456000,868160000,0,959360000,59.0925,3.0173,4.1586,30.5355,
600460.SH,Ê¿À¼Î¢,2014-05-09,5.4546,5.4239,5.4853,5.3778,5.4623,5424290,38332547,0.0077,0.1408,7.0668,0.6248,6172617600,N/A,6821049600,868160000,0,959360000,59.1757,3.0216,4.1644,30.5785,
600460.SH,Ê¿À¼Î¢,2014-05-12,5.4623,5.5545,5.6313,5.4623,5.6236,9164506,66398823,0.1613,2.9536,7.2452,1.0556,6354931200,N/A,7022515200,868160000,0,959360000,60.9235,3.1108,4.2874,31.4817,
600460.SH,Ê¿À¼Î¢,2014-05-13,5.6236,5.5699,5.6544,5.5545,5.5852,5591013,40721128,-0.0384,-0.6831,7.2833,0.644,6311523200,N/A,6974547200,868160000,0,959360000,60.5074,3.0896,4.2581,31.2666,
600460.SH,Ê¿À¼Î¢,2014-05-14,5.5852,5.6236,5.6236,5.5084,5.5238,5124885,37064627,-0.0615,-1.1004,7.2323,0.5903,6242070400,N/A,6897798400,868160000,0,959360000,59.8416,3.0556,4.2113,30.9226,
600460.SH,Ê¿À¼Î¢,2014-05-15,5.5238,5.5238,5.5699,5.3394,5.3471,8384083,59433084,-0.1767,-3.1989,7.0888,0.9657,6042393600,N/A,6677145600,868160000,0,959360000,57.9273,2.9578,4.0766,29.9334,
600460.SH,Ê¿À¼Î¢,2014-05-16,5.3471,5.3624,5.4085,5.2549,5.3778,6548870,45545062,0.0307,0.5747,6.9546,0.7543,6077120000,N/A,6715520000,868160000,0,959360000,58.2602,2.9748,4.1,30.1054,
600460.SH,Ê¿À¼Î¢,2014-05-19,5.3778,5.3778,5.3932,5.2702,5.3855,4254254,29470714,0.0077,0.1429,6.9274,0.49,6085801600,N/A,6725113600,868160000,0,959360000,58.3435,2.9791,4.1059,30.1484,
600460.SH,Ê¿À¼Î¢,2014-05-20,5.3855,5.4239,5.5084,5.3624,5.3701,5482341,38682573,-0.0154,-0.2853,7.0558,0.6315,6068438400,N/A,6705926400,868160000,0,959360000,58.177,2.9706,4.0941,30.0624,
600460.SH,Ê¿À¼Î¢,2014-05-21,5.3701,5.3901,5.4999,5.2903,5.4599,5074697,27659008,0.0898,1.6729,5.4504,0.4496,6173485760,N/A,6822008960,1128608000,0,1247168000,59.1841,3.022,4.165,30.5828,
600460.SH,Ê¿À¼Î¢,2014-05-22,5.4599,5.4699,5.5498,5.3501,5.3601,9157770,50222161,-0.0998,-1.8282,5.4841,0.8114,6060624960,N/A,6697292160,1128608000,0,1247168000,58.1021,2.9667,4.0889,30.0237,
600460.SH,Ê¿À¼Î¢,2014-05-23,5.3601,5.3402,5.44,5.3202,5.43,5091636,27477228,0.0699,1.3035,5.3965,0.4511,6139627520,N/A,6784593920,1128608000,0,1247168000,58.8595,3.0054,4.1422,30.4151,
600460.SH,Ê¿À¼Î¢,2014-05-26,5.43,5.44,5.5398,5.41,5.5298,9932014,54715325,0.0998,1.8382,5.509,0.88,6252488320,N/A,6909310720,1128608000,0,1247168000,59.9414,3.0607,4.2183,30.9742,
600460.SH,Ê¿À¼Î¢,2014-05-27,5.5298,5.5298,5.5398,5.43,5.45,7060401,38736771,-0.0799,-1.444,5.4865,0.6256,6162199680,N/A,6809537280,1128608000,0,1247168000,59.0759,3.0165,4.1574,30.5269,
600460.SH,Ê¿À¼Î¢,2014-05-28,5.45,5.42,5.7494,5.41,5.6795,22308555,125150451,0.2296,4.2125,5.61,1.9766,6421779520,N/A,7096385920,1128608000,0,1247168000,61.5644,3.1435,4.3325,31.8128,
600460.SH,Ê¿À¼Î¢,2014-05-29,5.6795,5.6596,5.7294,5.5598,5.6197,14516250,82074401,-0.0599,-1.0545,5.654,1.2862,6354063040,N/A,7021555840,1128608000,0,1247168000,60.9152,3.1104,4.2868,31.4774,
600460.SH,Ê¿À¼Î¢,2014-05-30,5.6197,5.5897,5.7394,5.5697,5.6795,14321006,81539612,0.0599,1.0657,5.6937,1.2689,6421779520,N/A,7096385920,1128608000,0,1247168000,61.5644,3.1435,4.3325,31.8128,
600460.SH,Ê¿À¼Î¢,2014-06-03,5.6795,5.7095,5.7195,5.5897,5.6296,8523556,48359855,-0.0499,-0.8787,5.6737,0.7552,6365349120,N/A,7034027520,1128608000,0,1247168000,61.0234,3.1159,4.2945,31.5333,
600460.SH,Ê¿À¼Î¢,2014-06-04,5.6296,5.6396,5.6396,5.43,5.5697,10301518,57160296,-0.0599,-1.0638,5.5487,0.9128,6297632640,N/A,6959197440,1128608000,0,1247168000,60.3742,3.0828,4.2488,31.1978,
600460.SH,Ê¿À¼Î¢,2014-06-05,5.5697,5.5498,5.6895,5.5198,5.6596,8553409,48050661,0.0898,1.6129,5.6177,0.7579,6399207360,N/A,7071442560,1128608000,0,1247168000,61.348,3.1325,4.3173,31.701,
600460.SH,Ê¿À¼Î¢,2014-06-06,5.6596,5.6396,5.7095,5.5697,5.5997,7104275,40043704,-0.0599,-1.0582,5.6366,0.6295,6331490880,N/A,6996612480,1128608000,0,1247168000,60.6988,3.0993,4.2716,31.3656,
600460.SH,Ê¿À¼Î¢,2014-06-09,5.5997,5.5897,5.6296,5.4899,5.4999,7789859,43226703,-0.0998,-1.7825,5.5491,0.6902,6218630080,N/A,6871895680,1128608000,0,1247168000,59.6169,3.0441,4.1955,30.8065,
600460.SH,Ê¿À¼Î¢,2014-06-10,5.4999,5.5099,5.6296,5.4599,5.6097,9147224,50971607,0.1098,1.9964,5.5724,0.8105,6342776960,N/A,7009084160,1128608000,0,1247168000,60.807,3.1049,4.2792,31.4215,
600460.SH,Ê¿À¼Î¢,2014-06-11,5.6097,5.5897,5.6296,5.5498,5.5997,7844653,43940360,-0.01,-0.1779,5.6013,0.6951,6331490880,N/A,6996612480,1128608000,0,1247168000,60.6988,3.0993,4.2716,31.3656,
600460.SH,Ê¿À¼Î¢,2014-06-12,5.5997,5.5997,5.6197,5.5198,5.5498,6989911,38951831,-0.0499,-0.8913,5.5726,0.6193,6275060480,N/A,6934254080,1128608000,0,1247168000,60.1578,3.0717,4.2335,31.086,
600460.SH,Ê¿À¼Î¢,2014-06-13,5.5498,5.5498,5.6795,5.5198,5.6496,15738648,88941651,0.0998,1.7986,5.6512,1.3945,6387921280,N/A,7058970880,1128608000,0,1247168000,61.2398,3.127,4.3097,31.6451,
600460.SH,Ê¿À¼Î¢,2014-06-16,5.6496,5.6696,5.6895,5.6197,5.6596,10002438,56634310,0.01,0.1767,5.6621,0.8863,6399207360,N/A,7071442560,1128608000,0,1247168000,61.348,3.1325,4.3173,31.701,
600460.SH,Ê¿À¼Î¢,2014-06-17,5.6596,5.6596,5.6596,5.5598,5.5697,9855740,55166433,-0.0898,-1.5873,5.5974,0.8733,6297632640,N/A,6959197440,1128608000,0,1247168000,60.3742,3.0828,4.2488,31.1978,
600460.SH,Ê¿À¼Î¢,2014-06-18,5.5697,5.5498,5.5797,5.44,5.4599,10616989,58367154,-0.1098,-1.9713,5.4975,0.9407,6173485760,N/A,6822008960,1128608000,0,1247168000,59.1841,3.022,4.165,30.5828,
600460.SH,Ê¿À¼Î¢,2014-06-19,5.4599,5.44,5.4899,5.2403,5.2703,9142165,49032595,-0.1897,-3.4735,5.3633,0.81,5959050240,N/A,6585047040,1128608000,0,1247168000,57.1283,2.917,4.0203,29.5205,
600460.SH,Ê¿À¼Î¢,2014-06-20,5.2703,5.2503,5.3402,5.1904,5.2903,7839511,41268855,0.02,0.3788,5.2642,0.6946,5981622400,N/A,6609990400,1128608000,0,1247168000,57.3447,2.9281,4.0356,29.6324,
600460.SH,Ê¿À¼Î¢,2014-06-23,5.2903,5.3202,5.3801,5.2903,5.3601,5834926,31255380,0.0699,1.3208,5.3566,0.517,6060624960,N/A,6697292160,1128608000,0,1247168000,58.1021,2.9667,4.0889,30.0237,
600460.SH,Ê¿À¼Î¢,2014-06-24,5.3601,5.41,5.5099,5.3901,5.5099,10114733,55342822,0.1497,2.7933,5.4715,0.8962,6229916160,N/A,6884367360,1128608000,0,1247168000,59.7251,3.0496,4.2031,30.8624,
600460.SH,Ê¿À¼Î¢,2014-06-25,5.5099,5.7394,6.0588,5.6596,5.6895,45655201,266655646,0.1797,3.2609,5.8406,4.0453,6433065600,N/A,7108857600,1128608000,0,1247168000,61.6726,3.1491,4.3401,31.8688,
600460.SH,Ê¿À¼Î¢,2014-06-26,5.6895,5.7494,5.989,5.5697,5.9391,44160669,258281084,0.2495,4.386,5.8487,3.9128,6715217600,N/A,7420649600,1128608000,0,1247168000,64.3775,3.2872,4.5305,33.2665,
600460.SH,Ê¿À¼Î¢,2014-06-27,5.9391,5.7893,5.9291,5.7694,5.8293,26940053,157955661,-0.1098,-1.8487,5.8632,2.387,6591070720,N/A,7283461120,1128608000,0,1247168000,63.1874,3.2264,4.4467,32.6515,
600460.SH,Ê¿À¼Î¢,2014-06-30,5.8293,5.8293,6.0089,5.8293,5.9091,26601673,158393050,0.0799,1.3699,5.9543,2.357,6681359360,N/A,7383234560,1128608000,0,1247168000,64.053,3.2706,4.5076,33.0988,
600460.SH,Ê¿À¼Î¢,2014-07-01,5.9091,5.9391,5.949,5.7893,5.8592,18141845,106084644,-0.0499,-0.8446,5.8475,1.6075,6624928960,N/A,7320876160,1128608000,0,1247168000,63.512,3.243,4.4696,32.8192,
600460.SH,Ê¿À¼Î¢,2014-07-02,5.8592,5.8492,5.959,5.7993,5.8991,17706876,104268969,0.0399,0.6814,5.8886,1.5689,6670073280,N/A,7370762880,1128608000,0,1247168000,63.9448,3.2651,4.5,33.0429,
600460.SH,Ê¿À¼Î¢,2014-07-03,5.8991,5.8692,5.9291,5.8293,5.9291,18034905,106454281,0.0299,0.5076,5.9027,1.598,6703931520,N/A,7408177920,1128608000,0,1247168000,64.2693,3.2816,4.5229,33.2106,
600460.SH,Ê¿À¼Î¢,2014-07-04,5.9291,5.9391,6.0489,5.8792,5.8991,22107325,132335814,-0.0299,-0.5051,5.9861,1.9588,6670073280,N/A,7370762880,1128608000,0,1247168000,63.9448,3.2651,4.5,33.0429,
600460.SH,Ê¿À¼Î¢,2014-07-07,5.8991,5.8892,5.8991,5.7195,5.7494,18566148,107793020,-0.1497,-2.5381,5.8059,1.645,6500782080,N/A,7183687680,1128608000,0,1247168000,62.3218,3.1822,4.3858,32.2042,
600460.SH,Ê¿À¼Î¢,2014-07-08,5.7494,5.7594,5.8792,5.6995,5.8792,13589963,79167095,0.1298,2.2569,5.8254,1.2041,6647501120,N/A,7345819520,1128608000,0,1247168000,63.7284,3.254,4.4848,32.931,
600460.SH,Ê¿À¼Î¢,2014-07-09,5.8792,5.8991,5.9091,5.7095,5.7195,12021057,69741663,-0.1597,-2.7165,5.8016,1.0651,6466923840,N/A,7146272640,1128608000,0,1247168000,61.9972,3.1656,4.363,32.0365,
600460.SH,Ê¿À¼Î¢,2014-07-10,5.7195,5.7095,5.7694,5.6296,5.6596,10373370,59348548,-0.0599,-1.0471,5.7212,0.9191,6399207360,N/A,7071442560,1128608000,0,1247168000,61.348,3.1325,4.3173,31.701,
600460.SH,Ê¿À¼Î¢,2014-07-11,5.6596,5.6596,5.7594,5.6197,5.7095,7688566,43885024,0.0499,0.8818,5.7078,0.6812,6455637760,N/A,7133800960,1128608000,0,1247168000,61.889,3.1601,4.3554,31.9806,
600460.SH,Ê¿À¼Î¢,2014-07-14,5.7095,5.7095,5.7993,5.6895,5.7993,8712292,50254181,0.0898,1.5734,5.7682,0.772,6557212480,N/A,7246046080,1128608000,0,1247168000,62.8628,3.2098,4.4239,32.4838,
600460.SH,Ê¿À¼Î¢,2014-07-15,5.7993,5.8392,5.9291,5.8193,5.8892,17956232,105553923,0.0898,1.5491,5.8784,1.591,6658787200,N/A,7358291200,1128608000,0,1247168000,63.8366,3.2595,4.4924,32.987,
600460.SH,Ê¿À¼Î¢,2014-07-16,5.8892,5.8892,5.8892,5.7394,5.7794,10501689,61097920,-0.1098,-1.8644,5.8179,0.9305,6534640320,N/A,7221102720,1128608000,0,1247168000,62.6464,3.1988,4.4087,32.3719,
600460.SH,Ê¿À¼Î¢,2014-07-17,5.7794,5.7794,5.7993,5.6496,5.7095,7278240,41622171,-0.0699,-1.209,5.7187,0.6449,6455637760,N/A,7133800960,1128608000,0,1247168000,61.889,3.1601,4.3554,31.9806,
600460.SH,Ê¿À¼Î¢,2014-07-18,5.7095,5.6496,5.7294,5.6197,5.6895,6570795,37457467,-0.02,-0.3497,5.7006,0.5822,6433065600,N/A,7108857600,1128608000,0,1247168000,61.6726,3.1491,4.3401,31.8688,
600460.SH,Ê¿À¼Î¢,2014-07-21,5.6895,5.7394,5.7594,5.6296,5.6496,7802742,44367266,-0.0399,-0.7018,5.6861,0.6914,6387921280,N/A,7058970880,1128608000,0,1247168000,61.2398,3.127,4.3097,31.6451,
600460.SH,Ê¿À¼Î¢,2014-07-22,5.6496,5.6197,5.6995,5.5897,5.6696,10663085,60263182,0.02,0.3534,5.6516,0.9448,6410493440,N/A,7083914240,1128608000,0,1247168000,61.4562,3.138,4.3249,31.7569,
600460.SH,Ê¿À¼Î¢,2014-07-23,5.6696,5.6696,5.7394,5.5498,5.5997,10694307,60424686,-0.0699,-1.2324,5.6502,0.9476,6331490880,N/A,6996612480,1128608000,0,1247168000,60.6988,3.0993,4.2716,31.3656,
600460.SH,Ê¿À¼Î¢,2014-07-24,5.5997,5.5797,5.6296,5.5099,5.5697,9200382,51342386,-0.0299,-0.5348,5.5805,0.8152,6297632640,N/A,6959197440,1128608000,0,1247168000,60.3742,3.0828,4.2488,31.1978,
600460.SH,Ê¿À¼Î¢,2014-07-25,5.5697,5.5398,5.6296,5.5398,5.6097,10074649,56245308,0.0399,0.7168,5.5829,0.8927,6342776960,N/A,7009084160,1128608000,0,1247168000,60.807,3.1049,4.2792,31.4215,
600460.SH,Ê¿À¼Î¢,2014-07-28,5.6097,5.6396,5.7095,5.5997,5.6995,15420916,87401205,0.0898,1.6014,5.6677,1.3664,6444351680,N/A,7121329280,1128608000,0,1247168000,61.7808,3.1546,4.3478,31.9247,
600460.SH,Ê¿À¼Î¢,2014-07-29,5.6995,5.6995,5.7494,5.6696,5.6995,16653941,95142189,0,0,5.7129,1.4756,6444351680,N/A,7121329280,1128608000,0,1247168000,61.7808,3.1546,4.3478,31.9247,
600460.SH,Ê¿À¼Î¢,2014-07-30,5.6995,5.6795,5.8293,5.6596,5.8093,23043930,132750516,0.1098,1.9264,5.7608,2.0418,6568498560,N/A,7258517760,1128608000,0,1247168000,62.971,3.2153,4.4315,32.5397,
600460.SH,Ê¿À¼Î¢,2014-07-31,5.8093,5.7893,5.8692,5.7694,5.8293,16445352,95888211,0.02,0.3436,5.8307,1.4571,6591070720,N/A,7283461120,1128608000,0,1247168000,63.1874,3.2264,4.4467,32.6515,
600460.SH,Ê¿À¼Î¢,2014-08-01,5.8293,5.7993,5.8692,5.7394,5.7494,17845538,104103348,-0.0799,-1.3699,5.8336,1.5812,6500782080,N/A,7183687680,1128608000,0,1247168000,62.3218,3.1822,4.3858,32.2042,
600460.SH,Ê¿À¼Î¢,2014-08-04,5.7494,5.7594,5.8492,5.7594,5.8492,13076429,76216554,0.0998,1.7361,5.8285,1.1586,6613642880,N/A,7308404480,1128608000,0,1247168000,63.4038,3.2374,4.462,32.7633,
600460.SH,Ê¿À¼Î¢,2014-08-05,5.8492,5.8492,5.8792,5.7893,5.8792,15049390,87927468,0.0299,0.5119,5.8426,1.3334,6647501120,N/A,7345819520,1128608000,0,1247168000,63.7284,3.254,4.4848,32.931,
600460.SH,Ê¿À¼Î¢,2014-08-06,5.8792,5.8692,5.9091,5.8093,5.8692,15333862,90140566,-0.01,-0.1698,5.8785,1.3587,6636215040,N/A,7333347840,1128608000,0,1247168000,63.6202,3.2485,4.4772,32.8751,
600460.SH,Ê¿À¼Î¢,2014-08-07,5.8692,5.8692,5.9391,5.8492,5.8892,19323855,114064086,0.02,0.3401,5.9028,1.7122,6658787200,N/A,7358291200,1128608000,0,1247168000,63.8366,3.2595,4.4924,32.987,
600460.SH,Ê¿À¼Î¢,2014-08-08,5.8892,5.8892,5.949,5.8692,5.8892,12607539,74669935,0,0,5.9226,1.1171,6658787200,N/A,7358291200,1128608000,0,1247168000,63.8366,3.2595,4.4924,32.987,
600460.SH,Ê¿À¼Î¢,2014-08-11,5.8892,5.8892,6.1187,5.8692,6.0688,34620142,208545602,0.1797,3.0508,6.0238,3.0675,6861936640,N/A,7582781440,1128608000,0,1247168000,65.7841,3.359,4.6295,33.9933,
600460.SH,Ê¿À¼Î¢,2014-08-12,6.0688,6.0389,6.1187,5.989,6.0988,24378010,147846089,0.0299,0.4934,6.0647,2.16,6895794880,N/A,7620196480,1128608000,0,1247168000,66.1087,3.3756,4.6523,34.1611,
600460.SH,Ê¿À¼Î¢,2014-08-13,6.0988,6.0788,6.1387,6.0089,6.1088,24351905,148266170,0.01,0.1637,6.0885,2.1577,6907080960,N/A,7632668160,1128608000,0,1247168000,66.2169,3.3811,4.6599,34.217,
600460.SH,Ê¿À¼Î¢,2014-08-14,6.1088,6.1387,6.2285,5.989,6.0489,29268082,178990553,-0.0599,-0.9804,6.1156,2.5933,6839364480,N/A,7557838080,1128608000,0,1247168000,65.5677,3.3479,4.6142,33.8815,
600460.SH,Ê¿À¼Î¢,2014-08-15,6.0489,5.999,6.1487,5.999,6.0888,21724482,132376211,0.0399,0.6601,6.0934,1.9249,6884508800,N/A,7607724800,1128608000,0,1247168000,66.0005,3.37,4.6447,34.1052,
600460.SH,Ê¿À¼Î¢,2014-08-18,6.0888,6.1088,6.2086,6.1088,6.1786,20591956,126876754,0.0898,1.4754,6.1615,1.8245,6986083520,N/A,7719969920,1128608000,0,1247168000,66.9743,3.4198,4.7132,34.6084,
600460.SH,Ê¿À¼Î¢,2014-08-19,6.1786,6.2285,6.2485,6.1287,6.1986,23890668,147863998,0.02,0.3231,6.1892,2.1168,7008655680,N/A,7744913280,1128608000,0,1247168000,67.1907,3.4308,4.7285,34.7202,
600460.SH,Ê¿À¼Î¢,2014-08-20,6.1986,6.1786,6.2485,6.1387,6.1686,20323736,125763419,-0.0299,-0.4831,6.188,1.8008,6974797440,N/A,7707498240,1128608000,0,1247168000,66.8661,3.4142,4.7056,34.5524,
600460.SH,Ê¿À¼Î¢,2014-08-21,6.1686,6.1686,6.2086,6.0988,6.1986,20828503,128423846,0.0299,0.4854,6.1658,1.8455,7008655680,N/A,7744913280,1128608000,0,1247168000,67.1907,3.4308,4.7285,34.7202,
600460.SH,Ê¿À¼Î¢,2014-08-22,6.1986,6.2485,6.3483,6.1986,6.2185,24847200,155919097,0.02,0.3221,6.2751,2.2016,7031227840,N/A,7769856640,1128608000,0,1247168000,67.4071,3.4419,4.7437,34.832,
600460.SH,Ê¿À¼Î¢,2014-08-25,6.2185,6.2185,6.2185,6.0489,6.0688,18119004,110946553,-0.1497,-2.4077,6.1232,1.6054,6861936640,N/A,7582781440,1128608000,0,1247168000,65.7841,3.359,4.6295,33.9933,
600460.SH,Ê¿À¼Î¢,2014-08-26,6.0688,6.0688,6.0988,5.8991,5.9291,18954315,113691391,-0.1397,-2.3026,5.9982,1.6794,6703931520,N/A,7408177920,1128608000,0,1247168000,64.2693,3.2816,4.5229,33.2106,
600460.SH,Ê¿À¼Î¢,2014-08-27,5.9291,5.949,5.979,5.9191,5.9391,11412819,67945917,0.01,0.1684,5.9535,1.0112,6715217600,N/A,7420649600,1128608000,0,1247168000,64.3775,3.2872,4.5305,33.2665,
600460.SH,Ê¿À¼Î¢,2014-08-28,5.9391,5.9291,5.969,5.8892,5.9191,9150013,54352448,-0.02,-0.3361,5.9401,0.8107,6692645440,N/A,7395706240,1128608000,0,1247168000,64.1612,3.2761,4.5153,33.1547,
600460.SH,Ê¿À¼Î¢,2014-08-29,5.9191,5.9191,6.0189,5.8991,6.0089,11705567,70095318,0.0898,1.5177,5.9882,1.0372,6794220160,N/A,7507951360,1128608000,0,1247168000,65.1349,3.3258,4.5838,33.6579,
600460.SH,Ê¿À¼Î¢,2014-09-01,6.0089,6.0389,6.0389,5.949,6.0089,17507143,105181306,0,0,6.0079,1.5512,6794220160,N/A,7507951360,1128608000,0,1247168000,65.1349,3.3258,4.5838,33.6579,
600460.SH,Ê¿À¼Î¢,2014-09-02,6.0089,6.0289,6.1287,5.979,6.1287,23493482,143038191,0.1198,1.9934,6.0884,2.0816,6929653120,N/A,7657611520,1128608000,0,1247168000,66.4333,3.3921,4.6752,34.3288,
600460.SH,Ê¿À¼Î¢,2014-09-03,6.1287,6.1487,6.1587,6.0588,6.1187,28021758,171413717,-0.01,-0.1629,6.1172,2.2468,7645139840,N/A,7645139840,1247168000,0,1247168000,66.3251,3.3866,4.6675,34.2729,
600460.SH,Ê¿À¼Î¢,2014-09-04,6.1187,6.1187,6.3483,6.0988,6.2485,44075458,274091835,0.1298,2.1207,6.2187,3.534,7807271680,N/A,7807271680,1247168000,0,1247168000,67.7317,3.4584,4.7665,34.9997,
600460.SH,Ê¿À¼Î¢,2014-09-05,6.2485,6.2485,6.3882,6.2385,6.3483,42885581,272119424,0.0998,1.5974,6.3452,3.4386,7931988480,N/A,7931988480,1247168000,0,1247168000,68.8136,3.5137,4.8427,35.5588,
600460.SH,Ê¿À¼Î¢,2014-09-09,6.3483,6.3483,6.3783,6.2585,6.3283,25522323,161516471,-0.02,-0.3145,6.3284,2.0464,7907045120,N/A,7907045120,1247168000,0,1247168000,68.5973,3.5026,4.8274,35.447,
600460.SH,Ê¿À¼Î¢,2014-09-10,6.3283,6.3184,6.3184,6.2086,6.2685,24731650,154772517,-0.0599,-0.9464,6.2581,1.983,7832215040,N/A,7832215040,1247168000,0,1247168000,67.9481,3.4695,4.7818,35.1115,
600460.SH,Ê¿À¼Î¢,2014-09-11,6.2685,6.2884,6.3583,6.2385,6.2884,29148731,184097423,0.02,0.3185,6.3158,2.3372,7857158400,N/A,7857158400,1247168000,0,1247168000,68.1645,3.4805,4.797,35.2234,
600460.SH,Ê¿À¼Î¢,2014-09-12,6.2884,6.2884,6.518,6.2485,6.498,38449206,246005619,0.2096,3.3333,6.3982,3.0829,8119063680,N/A,8119063680,1247168000,0,1247168000,70.4366,3.5965,4.9569,36.3975,
600460.SH,Ê¿À¼Î¢,2014-09-15,6.498,6.528,6.6278,6.4182,6.4681,29187405,190097582,-0.0299,-0.4608,6.513,2.3403,8081648640,N/A,8081648640,1247168000,0,1247168000,70.112,3.58,4.934,36.2297,
600460.SH,Ê¿À¼Î¢,2014-09-16,6.4681,6.4881,6.508,6.1587,6.1786,32807331,208306711,-0.2895,-4.4753,6.3494,2.6305,7719969920,N/A,7719969920,1247168000,0,1247168000,66.9743,3.4198,4.7132,34.6084,
600460.SH,Ê¿À¼Î¢,2014-09-17,6.1786,6.1786,6.2485,6.1287,6.2485,15578278,96785377,0.0699,1.1309,6.2128,1.2491,7807271680,N/A,7807271680,1247168000,0,1247168000,67.7317,3.4584,4.7665,34.9997,
600460.SH,Ê¿À¼Î¢,2014-09-18,6.2485,6.2285,6.2884,6.1886,6.2485,14333355,89487142,0,0,6.2433,1.1493,7807271680,N/A,7807271680,1247168000,0,1247168000,67.7317,3.4584,4.7665,34.9997,
600460.SH,Ê¿À¼Î¢,2014-09-19,6.2485,6.2585,6.4681,6.2585,6.3683,21521311,137429544,0.1198,1.9169,6.3857,1.7256,7956931840,N/A,7956931840,1247168000,0,1247168000,69.03,3.5247,4.8579,35.6706,
600460.SH,Ê¿À¼Î¢,2014-09-22,6.3683,6.3683,6.4282,6.2185,6.2585,19550614,123775019,-0.1098,-1.7241,6.331,1.5676,7819743360,N/A,7819743360,1247168000,0,1247168000,67.8399,3.464,4.7741,35.0556,
600460.SH,Ê¿À¼Î¢,2014-09-23,6.2585,6.2585,6.3383,6.1986,6.3283,18801702,117890671,0.0699,1.1164,6.2702,1.5076,7907045120,N/A,7907045120,1247168000,0,1247168000,68.5973,3.5026,4.8274,35.447,
600460.SH,Ê¿À¼Î¢,2014-09-24,6.3283,6.3084,6.4182,6.2585,6.4082,22589475,144141989,0.0799,1.2618,6.3809,1.8113,8006818560,N/A,8006818560,1247168000,0,1247168000,69.4628,3.5468,4.8884,35.8943,
600460.SH,Ê¿À¼Î¢,2014-09-25,6.4082,6.4881,6.518,6.3283,6.3783,23455594,150881710,-0.0299,-0.4673,6.4327,1.8807,7969403520,N/A,7969403520,1247168000,0,1247168000,69.1382,3.5303,4.8655,35.7266,
600460.SH,Ê¿À¼Î¢,2014-09-26,6.3783,6.3583,6.4381,6.3084,6.3982,17535884,112239330,0.02,0.313,6.4006,1.4061,7994346880,N/A,7994346880,1247168000,0,1247168000,69.3546,3.5413,4.8807,35.8384,
600460.SH,Ê¿À¼Î¢,2014-09-29,6.3982,6.4481,6.6677,6.4481,6.6577,45267014,299068964,0.2595,4.0562,6.6068,3.6296,8318610560,N/A,8318610560,1247168000,0,1247168000,72.1678,3.6849,5.0787,37.292,
600460.SH,Ê¿À¼Î¢,2014-09-30,6.6577,6.6577,6.6777,6.5779,6.6178,23375029,155117879,-0.0399,-0.5997,6.6361,1.8742,8268723840,N/A,8268723840,1247168000,0,1247168000,71.735,3.6628,5.0483,37.0684,
600460.SH,Ê¿À¼Î¢,2014-10-08,6.6178,6.7376,6.7775,6.5978,6.6677,24320644,162780680,0.0499,0.7541,6.6931,1.9501,8331082240,N/A,8331082240,1247168000,0,1247168000,72.276,3.6905,5.0863,37.3479,
600460.SH,Ê¿À¼Î¢,2014-10-09,6.6677,6.7476,6.9073,6.6977,6.8773,39951296,273091889,0.2096,3.1437,6.8356,3.2034,8592987520,N/A,8592987520,1247168000,0,1247168000,74.5481,3.8065,5.2462,38.5221,
600460.SH,Ê¿À¼Î¢,2014-10-10,6.8773,6.8674,6.8674,6.6977,6.7376,24654359,167507944,-0.1397,-2.0319,6.7943,1.9768,8418384000,N/A,8418384000,1247168000,0,1247168000,73.0334,3.7291,5.1396,37.7393,
600460.SH,Ê¿À¼Î¢,2014-10-13,6.7376,6.6478,6.6777,6.4681,6.5579,30294871,198440579,-0.1797,-2.6667,6.5503,2.4291,8193893760,N/A,8193893760,1247168000,0,1247168000,71.0858,3.6297,5.0026,36.7329,
600460.SH,Ê¿À¼Î¢,2014-10-14,6.5579,6.5679,6.6677,6.4381,6.518,26666644,175276362,-0.0399,-0.6088,6.5729,2.1382,8144007040,N/A,8144007040,1247168000,0,1247168000,70.653,3.6076,4.9721,36.5093,
600460.SH,Ê¿À¼Î¢,2014-10-15,6.518,6.5679,6.7476,6.538,6.6577,29721263,197951401,0.1397,2.144,6.6603,2.3831,8318610560,N/A,8318610560,1247168000,0,1247168000,72.1678,3.6849,5.0787,37.292,
600460.SH,Ê¿À¼Î¢,2014-10-16,6.6577,6.6278,6.6677,6.4182,6.4481,23419228,153888048,-0.2096,-3.1484,6.571,1.8778,8056705280,N/A,8056705280,1247168000,0,1247168000,69.8956,3.5689,4.9188,36.1179,
600460.SH,Ê¿À¼Î¢,2014-10-17,6.4481,6.4381,6.518,6.2685,6.3783,22675704,144945301,-0.0699,-1.0836,6.3921,1.8182,7969403520,N/A,7969403520,1247168000,0,1247168000,69.1382,3.5303,4.8655,35.7266,
600460.SH,Ê¿À¼Î¢,2014-10-20,6.3783,6.3882,6.4581,6.3483,6.4282,13176094,84646230,0.0499,0.7825,6.4242,1.0565,8031761920,N/A,8031761920,1247168000,0,1247168000,69.6792,3.5579,4.9036,36.0061,
600460.SH,Ê¿À¼Î¢,2014-10-21,6.4282,6.4481,6.4681,6.3283,6.3383,13506935,86605229,-0.0898,-1.3975,6.4119,1.083,7919516800,N/A,7919516800,1247168000,0,1247168000,68.7054,3.5082,4.8351,35.5029,
600460.SH,Ê¿À¼Î¢,2014-10-22,6.3383,6.3483,6.4381,6.2385,6.2485,16532747,105265095,-0.0898,-1.4173,6.3671,1.3256,7807271680,N/A,7807271680,1247168000,0,1247168000,67.7317,3.4584,4.7665,34.9997,
600460.SH,Ê¿À¼Î¢,2014-10-23,6.2485,6.2485,6.2984,6.1986,6.2685,13323348,83416032,0.02,0.3195,6.2609,1.0683,7832215040,N/A,7832215040,1247168000,0,1247168000,67.9481,3.4695,4.7818,35.1115,
600460.SH,Ê¿À¼Î¢,2014-10-24,6.2685,6.2685,6.3283,6.2185,6.2385,9036278,56869318,-0.0299,-0.4777,6.2934,0.7245,7794800000,N/A,7794800000,1247168000,0,1247168000,67.6235,3.4529,4.7589,34.9438,
600460.SH,Ê¿À¼Î¢,2014-10-27,6.2385,6.2385,6.3383,6.2185,6.3383,10234613,64543883,0.0998,1.6,6.3064,0.8206,7919516800,N/A,7919516800,1247168000,0,1247168000,68.7054,3.5082,4.8351,35.5029,
600460.SH,Ê¿À¼Î¢,2014-10-28,6.3383,6.3783,6.498,6.3383,6.4881,16333955,105251160,0.1497,2.3622,6.4437,1.3097,8106592000,N/A,8106592000,1247168000,0,1247168000,70.3284,3.591,4.9493,36.3416,
600460.SH,Ê¿À¼Î¢,2014-10-29,6.4881,6.4881,6.5479,6.4282,6.528,21095834,137296838,0.0399,0.6154,6.5082,1.6915,8156478720,N/A,8156478720,1247168000,0,1247168000,70.7612,3.6131,4.9797,36.5652,
600460.SH,Ê¿À¼Î¢,2014-10-30,6.528,6.508,6.538,6.4381,6.4681,15770724,102447658,-0.0599,-0.9174,6.4961,1.2645,8081648640,N/A,8081648640,1247168000,0,1247168000,70.112,3.58,4.934,36.2297,
600460.SH,Ê¿À¼Î¢,2014-10-31,6.4681,6.4681,6.518,6.3683,6.4481,17103106,109989578,-0.02,-0.3086,6.431,1.3714,8056705280,N/A,8056705280,1247168000,0,1247168000,69.8956,3.5689,4.9188,36.1179,
600460.SH,Ê¿À¼Î¢,2014-11-03,6.4481,6.4481,6.508,6.4282,6.4881,15447524,100252305,0.0399,0.6192,6.4899,1.2386,8106592000,N/A,8106592000,1247168000,0,1247168000,70.3284,3.591,4.9493,36.3416,
600460.SH,Ê¿À¼Î¢,2014-11-04,6.4881,6.4781,6.6577,6.4581,6.4781,37746611,247422302,-0.01,-0.1538,6.5548,3.0266,8094120320,N/A,8094120320,1247168000,0,1247168000,70.2202,3.5855,4.9417,36.2857,
600460.SH,Ê¿À¼Î¢,2014-11-05,6.4781,6.498,6.508,6.3683,6.3882,17904931,114803222,-0.0898,-1.3867,6.4118,1.4356,7981875200,N/A,7981875200,1247168000,0,1247168000,69.2464,3.5358,4.8731,35.7825,
600460.SH,Ê¿À¼Î¢,2014-11-06,6.3882,6.3783,6.4082,6.2984,6.3982,15677689,99720857,0.01,0.1563,6.3607,1.2571,7994346880,N/A,7994346880,1247168000,0,1247168000,69.3546,3.5413,4.8807,35.8384,
600460.SH,Ê¿À¼Î¢,2014-11-07,6.3982,6.3982,6.4182,6.2685,6.2685,17359816,110496471,-0.1298,-2.0281,6.3651,1.3919,7832215040,N/A,7832215040,1247168000,0,1247168000,67.9481,3.4695,4.7818,35.1115,
600460.SH,Ê¿À¼Î¢,2014-11-10,6.2685,6.2984,6.3483,6.2685,6.3283,11306570,71450610,0.0599,0.9554,6.3194,0.9066,7907045120,N/A,7907045120,1247168000,0,1247168000,68.5973,3.5026,4.8274,35.447,
600460.SH,Ê¿À¼Î¢,2014-11-11,6.3283,6.3084,6.3683,5.969,6.0788,28508072,175624929,-0.2495,-3.9432,6.1605,2.2858,7595253120,N/A,7595253120,1247168000,0,1247168000,65.8923,3.3645,4.6371,34.0493,
600460.SH,Ê¿À¼Î¢,2014-11-12,6.0788,6.0688,6.1686,6.0089,6.1587,11279290,68855595,0.0799,1.3136,6.1046,0.9044,7695026560,N/A,7695026560,1247168000,0,1247168000,66.7579,3.4087,4.698,34.4965,
600460.SH,Ê¿À¼Î¢,2014-11-13,6.1587,6.1587,6.1587,5.969,6.0788,15349266,92943887,-0.0799,-1.2966,6.0553,1.2307,7595253120,N/A,7595253120,1247168000,0,1247168000,65.8923,3.3645,4.6371,34.0493,
600460.SH,Ê¿À¼Î¢,2014-11-14,6.0788,6.0489,6.0888,5.989,6.0489,7315965,44319132,-0.0299,-0.4926,6.0579,0.5866,7557838080,N/A,7557838080,1247168000,0,1247168000,65.5677,3.3479,4.6142,33.8815,
600460.SH,Ê¿À¼Î¢,2014-11-17,6.0489,6.0988,6.2185,6.0489,6.1487,12908175,79666490,0.0998,1.6502,6.1718,1.035,7682554880,N/A,7682554880,1247168000,0,1247168000,66.6497,3.4032,4.6904,34.4406,
600460.SH,Ê¿À¼Î¢,2014-11-18,6.1487,6.1487,6.1886,6.1287,6.1686,7077431,43645797,0.02,0.3247,6.1669,0.5675,7707498240,N/A,7707498240,1247168000,0,1247168000,66.8661,3.4142,4.7056,34.5524,
600460.SH,Ê¿À¼Î¢,2014-11-19,6.1686,6.1686,6.1786,6.0688,6.1287,10292384,63133658,-0.0399,-0.6472,6.134,0.8253,7657611520,N/A,7657611520,1247168000,0,1247168000,66.4333,3.3921,4.6752,34.3288,
600460.SH,Ê¿À¼Î¢,2014-11-20,6.1287,6.0988,6.1287,6.0489,6.0588,8684613,52901560,-0.0699,-1.1401,6.0914,0.6963,7570309760,N/A,7570309760,1247168000,0,1247168000,65.6759,3.3535,4.6219,33.9374,
600460.SH,Ê¿À¼Î¢,2014-11-21,6.0588,6.0688,6.1187,6.0588,6.1187,11003607,67159930,0.0599,0.9885,6.1034,0.8823,7645139840,N/A,7645139840,1247168000,0,1247168000,66.3251,3.3866,4.6675,34.2729,
600460.SH,Ê¿À¼Î¢,2014-11-24,6.1187,6.1786,6.2086,6.1088,6.1587,17964255,110840248,0.0399,0.6525,6.17,1.4404,7695026560,N/A,7695026560,1247168000,0,1247168000,66.7579,3.4087,4.698,34.4965,
600460.SH,Ê¿À¼Î¢,2014-11-25,6.1587,6.1487,6.2784,6.1387,6.2685,19728975,123096255,0.1098,1.7828,6.2394,1.5819,7832215040,N/A,7832215040,1247168000,0,1247168000,67.9481,3.4695,4.7818,35.1115,
600460.SH,Ê¿À¼Î¢,2014-11-26,6.2685,6.2685,6.2884,6.1886,6.2385,16149327,100842117,-0.0299,-0.4777,6.2444,1.2949,7794800000,N/A,7794800000,1247168000,0,1247168000,67.6235,3.4529,4.7589,34.9438,
600460.SH,Ê¿À¼Î¢,2014-11-27,6.2385,6.2385,6.3483,6.2385,6.3483,27835687,175782768,0.1098,1.76,6.315,2.2319,7931988480,N/A,7931988480,1247168000,0,1247168000,68.8136,3.5137,4.8427,35.5588,
600460.SH,Ê¿À¼Î¢,2014-11-28,6.3483,6.3383,6.538,6.3084,6.4182,36335898,233973466,0.0699,1.1006,6.4392,2.9135,8019290240,N/A,8019290240,1247168000,0,1247168000,69.571,3.5523,4.896,35.9502,
600460.SH,Ê¿À¼Î¢,2014-12-01,6.4182,6.4182,6.4781,6.2784,6.2984,18653598,118775781,-0.1198,-1.8663,6.3674,1.4957,7869630080,N/A,7869630080,1247168000,0,1247168000,68.2727,3.4861,4.8046,35.2793,
600460.SH,Ê¿À¼Î¢,2014-12-02,6.2984,6.3084,6.4182,6.3084,6.3882,18699774,119387830,0.0898,1.4263,6.3845,1.4994,7981875200,N/A,7981875200,1247168000,0,1247168000,69.2464,3.5358,4.8731,35.7825,
600460.SH,Ê¿À¼Î¢,2014-12-03,6.3882,6.3882,6.5579,6.3483,6.498,32017932,206669983,0.1098,1.7187,6.4548,2.5673,8119063680,N/A,8119063680,1247168000,0,1247168000,70.4366,3.5965,4.9569,36.3975,
600460.SH,Ê¿À¼Î¢,2014-12-04,6.498,6.498,6.6078,6.4581,6.5479,32435089,212181913,0.0499,0.768,6.5417,2.6007,8181422080,N/A,8181422080,1247168000,0,1247168000,70.9776,3.6242,4.995,36.677,
600460.SH,Ê¿À¼Î¢,2014-12-05,6.5479,6.538,6.5679,6.2086,6.2884,29849878,189923566,-0.2595,-3.9634,6.3626,2.3934,7857158400,N/A,7857158400,1247168000,0,1247168000,68.1645,3.4805,4.797,35.2234,
600460.SH,Ê¿À¼Î¢,2014-12-08,6.2884,6.2784,6.3383,6.2185,6.3084,25133336,158388765,0.02,0.3175,6.3019,2.0152,7882101760,N/A,7882101760,1247168000,0,1247168000,68.3809,3.4916,4.8122,35.3352,
600460.SH,Ê¿À¼Î¢,2014-12-09,6.3084,6.3084,6.3184,6.0888,6.0988,34596965,214214678,-0.2096,-3.3228,6.1917,2.774,7620196480,N/A,7620196480,1247168000,0,1247168000,66.1087,3.3756,4.6523,34.1611,
600460.SH,Ê¿À¼Î¢,2014-12-10,6.0988,6.0988,6.2285,6.0489,6.2185,23159902,142550193,0.1198,1.964,6.155,1.857,7769856640,N/A,7769856640,1247168000,0,1247168000,67.4071,3.4419,4.7437,34.832,
600460.SH,Ê¿À¼Î¢,2014-12-11,6.2185,6.1886,6.2784,6.1387,6.2685,23864886,148208251,0.0499,0.8026,6.2103,1.9135,7832215040,N/A,7832215040,1247168000,0,1247168000,67.9481,3.4695,4.7818,35.1115,
600460.SH,Ê¿À¼Î¢,2014-12-12,6.2685,6.2685,6.3483,6.2385,6.2984,23311884,147004228,0.0299,0.4777,6.306,1.8692,7869630080,N/A,7869630080,1247168000,0,1247168000,68.2727,3.4861,4.8046,35.2793,
600460.SH,Ê¿À¼Î¢,2014-12-15,6.2984,6.2984,6.4481,6.2485,6.4282,34187535,218906006,0.1298,2.0602,6.4031,2.7412,8031761920,N/A,8031761920,1247168000,0,1247168000,69.6792,3.5579,4.9036,36.0061,
600460.SH,Ê¿À¼Î¢,2014-12-16,6.4282,6.4381,6.4881,6.3583,6.3982,24119803,154784679,-0.0299,-0.4658,6.4173,1.934,7994346880,N/A,7994346880,1247168000,0,1247168000,69.3546,3.5413,4.8807,35.8384,
600460.SH,Ê¿À¼Î¢,2014-12-17,6.3982,6.4282,6.4381,6.1886,6.2784,24361109,154681980,-0.1198,-1.8721,6.3495,1.9533,7844686720,N/A,7844686720,1247168000,0,1247168000,68.0563,3.475,4.7894,35.1675,
600460.SH,Ê¿À¼Î¢,2014-12-18,6.2784,6.2784,6.2884,6.1387,6.1786,29921666,185732339,-0.0998,-1.5898,6.2073,2.3992,7719969920,N/A,7719969920,1247168000,0,1247168000,66.9743,3.4198,4.7132,34.6084,
600460.SH,Ê¿À¼Î¢,2014-12-19,6.1786,6.1686,6.1786,6.0089,6.1187,23362700,142831935,-0.0599,-0.9693,6.1137,1.8733,7645139840,N/A,7645139840,1247168000,0,1247168000,66.3251,3.3866,4.6675,34.2729,
600460.SH,Ê¿À¼Î¢,2014-12-22,6.1187,6.0788,6.0988,5.7195,5.9091,32881605,194811643,-0.2096,-3.4258,5.9246,2.6365,7383234560,N/A,7383234560,1247168000,0,1247168000,64.053,3.2706,4.5076,33.0988,
600460.SH,Ê¿À¼Î¢,2014-12-23,5.9091,5.8792,5.9391,5.7893,5.8392,16772033,98538382,-0.0699,-1.1824,5.8752,1.3448,7295932800,N/A,7295932800,1247168000,0,1247168000,63.2956,3.2319,4.4543,32.7074,
600460.SH,Ê¿À¼Î¢,2014-12-24,5.8392,5.8492,5.979,5.8392,5.959,11639092,68992210,0.1198,2.0513,5.9276,0.9332,7445592960,N/A,7445592960,1247168000,0,1247168000,64.5939,3.2982,4.5457,33.3783,
600460.SH,Ê¿À¼Î¢,2014-12-25,5.959,5.969,6.0489,5.9091,6.0289,13644115,81610872,0.0699,1.1725,5.9814,1.094,7532894720,N/A,7532894720,1247168000,0,1247168000,65.3513,3.3369,4.599,33.7697,
600460.SH,Ê¿À¼Î¢,2014-12-26,6.0289,6.0389,6.0688,5.949,6.0089,15707173,94385594,-0.02,-0.3311,6.0091,1.2594,7507951360,N/A,7507951360,1247168000,0,1247168000,65.1349,3.3258,4.5838,33.6579,
600460.SH,Ê¿À¼Î¢,2014-12-29,6.0089,5.999,5.999,5.8093,5.8592,17875404,105144483,-0.1497,-2.4917,5.8821,1.4333,7320876160,N/A,7320876160,1247168000,0,1247168000,63.512,3.243,4.4696,32.8192,
600460.SH,Ê¿À¼Î¢,2014-12-30,5.8592,5.8892,5.9091,5.6795,5.7095,17414660,101017659,-0.1497,-2.5554,5.8007,1.3963,7133800960,N/A,7133800960,1247168000,0,1247168000,61.889,3.1601,4.3554,31.9806,
600460.SH,Ê¿À¼Î¢,2014-12-31,5.7095,5.7095,5.7694,5.6097,5.6995,19941834,113132081,-0.01,-0.1748,5.6731,1.599,7121329280,N/A,7121329280,1247168000,0,1247168000,61.7808,3.1546,4.3478,31.9247,
600460.SH,Ê¿À¼Î¢,2015-01-05,5.6995,5.6995,5.7993,5.6197,5.7893,27876863,159297489,0.0898,1.5762,5.7143,2.2352,7233574400,N/A,7233574400,1247168000,0,1247168000,44.0148,3.0156,3.8682,-39.2726,
600460.SH,Ê¿À¼Î¢,2015-01-06,5.7893,5.7494,5.8392,5.6995,5.8293,23373126,135338903,0.0399,0.6897,5.7904,1.8741,7283461120,N/A,7283461120,1247168000,0,1247168000,44.3183,3.0364,3.8948,-39.5434,
600460.SH,Ê¿À¼Î¢,2015-01-07,5.8293,5.7694,5.8991,5.7694,5.8492,18123452,105926217,0.02,0.3425,5.8447,1.4532,7308404480,N/A,7308404480,1247168000,0,1247168000,44.4701,3.0468,3.9082,-39.6789,
600460.SH,Ê¿À¼Î¢,2015-01-08,5.8492,5.8692,5.8792,5.7794,5.7993,15140572,88185634,-0.0499,-0.8532,5.8245,1.214,7246046080,N/A,7246046080,1247168000,0,1247168000,44.0907,3.0208,3.8748,-39.3403,
600460.SH,Ê¿À¼Î¢,2015-01-09,5.7993,5.7993,5.8492,5.7694,5.7794,12284914,71536854,-0.02,-0.3442,5.8231,0.985,7221102720,N/A,7221102720,1247168000,0,1247168000,43.9389,3.0104,3.8615,-39.2049,
600460.SH,Ê¿À¼Î¢,2015-01-12,5.7794,5.7394,5.7494,5.6496,5.6995,11756968,67014663,-0.0799,-1.3817,5.7,0.9427,7121329280,N/A,7121329280,1247168000,0,1247168000,43.3318,2.9688,3.8081,-38.6632,
600460.SH,Ê¿À¼Î¢,2015-01-13,5.6995,5.6895,5.8692,5.6895,5.8592,17512538,102063497,0.1597,2.8021,5.828,1.4042,7320876160,N/A,7320876160,1247168000,0,1247168000,44.546,3.052,3.9148,-39.7466,
600460.SH,Ê¿À¼Î¢,2015-01-14,5.8592,5.8692,5.9191,5.7794,5.8392,12810083,75021097,-0.02,-0.3407,5.8564,1.0271,7295932800,N/A,7295932800,1247168000,0,1247168000,44.3942,3.0416,3.9015,-39.6111,
600460.SH,Ê¿À¼Î¢,2015-01-15,5.8392,5.8293,5.9091,5.8193,5.8892,12965788,76273204,0.0499,0.8547,5.8827,1.0396,7358291200,N/A,7358291200,1247168000,0,1247168000,44.7737,3.0676,3.9349,-39.9497,
600460.SH,Ê¿À¼Î¢,2015-01-16,5.8892,5.8991,5.9391,5.8193,5.9091,16230249,95745284,0.02,0.339,5.8992,1.3014,7383234560,N/A,7383234560,1247168000,0,1247168000,44.9254,3.078,3.9482,-40.0851,
600460.SH,Ê¿À¼Î¢,2015-01-19,5.9091,5.8193,5.8792,5.5897,5.6396,20848220,119767426,-0.2695,-4.5608,5.7447,1.6716,7046499200,N/A,7046499200,1247168000,0,1247168000,42.8765,2.9376,3.7681,-38.2569,
600460.SH,Ê¿À¼Î¢,2015-01-20,5.6396,5.6795,6.0688,5.6496,6.0289,40199087,239450626,0.3893,6.9027,5.9566,3.2232,7532894720,N/A,7532894720,1247168000,0,1247168000,45.8361,3.1404,4.0282,-40.8977,
600460.SH,Ê¿À¼Î¢,2015-01-21,6.0289,6.0089,6.1287,5.989,6.0888,30212089,183781396,0.0599,0.9934,6.083,2.4225,7607724800,N/A,7607724800,1247168000,0,1247168000,46.2914,3.1716,4.0682,-41.3039,
600460.SH,Ê¿À¼Î¢,2015-01-22,6.0888,6.0988,6.3283,6.0289,6.2385,40235802,249895969,0.1497,2.459,6.2108,3.2262,7794800000,N/A,7794800000,1247168000,0,1247168000,47.4297,3.2496,4.1683,-42.3196,
600460.SH,Ê¿À¼Î¢,2015-01-23,6.2385,6.2485,6.2685,6.1287,6.1487,19975367,123740616,-0.0898,-1.44,6.1947,1.6017,7682554880,N/A,7682554880,1247168000,0,1247168000,46.7467,3.2028,4.1083,-41.7102,
600460.SH,Ê¿À¼Î¢,2015-01-26,6.1487,6.1886,6.2784,6.1587,6.2385,22160786,138213670,0.0898,1.461,6.2369,1.7769,7794800000,N/A,7794800000,1247168000,0,1247168000,47.4297,3.2496,4.1683,-42.3196,
600460.SH,Ê¿À¼Î¢,2015-01-27,6.2385,6.2385,6.3383,6.1487,6.2984,24937472,156369390,0.0599,0.96,6.2705,1.9995,7869630080,N/A,7869630080,1247168000,0,1247168000,47.8851,3.2808,4.2083,-42.7259,
600460.SH,Ê¿À¼Î¢,2015-01-28,6.2984,6.2784,6.2984,6.1686,6.1886,16190631,101205076,-0.1098,-1.7433,6.2508,1.2982,7732441600,N/A,7732441600,1247168000,0,1247168000,47.0503,3.2236,4.1349,-41.981,
600460.SH,Ê¿À¼Î¢,2015-01-29,6.1886,6.1786,6.1786,6.0588,6.1287,14960179,91760041,-0.0599,-0.9677,6.1336,1.1995,7657611520,N/A,7657611520,1247168000,0,1247168000,46.595,3.1924,4.0949,-41.5748,
600460.SH,Ê¿À¼Î¢,2015-01-30,6.1287,6.1187,6.2685,6.0688,6.1686,17227585,106608249,0.0399,0.6515,6.1882,1.3813,7707498240,N/A,7707498240,1247168000,0,1247168000,46.8985,3.2132,4.1216,-41.8456,
600460.SH,Ê¿À¼Î¢,2015-02-02,6.1686,6.1187,6.2685,6.0988,6.2585,19188978,119598808,0.0898,1.4563,6.2327,1.5386,7819743360,N/A,7819743360,1247168000,0,1247168000,47.5815,3.26,4.1816,-42.455,
600460.SH,Ê¿À¼Î¢,2015-02-03,6.2585,6.2685,6.4082,6.2385,6.3184,37888502,240849299,0.0599,0.9569,6.3568,3.038,7894573440,N/A,7894573440,1247168000,0,1247168000,48.0368,3.2912,4.2216,-42.8613,
600460.SH,Ê¿À¼Î¢,2015-02-04,6.3184,6.3283,6.3882,6.2685,6.3283,21255687,134673910,0.01,0.158,6.3359,1.7043,7907045120,N/A,7907045120,1247168000,0,1247168000,48.1127,3.2964,4.2283,-42.929,
600460.SH,Ê¿À¼Î¢,2015-02-05,6.3283,6.3683,6.538,6.2585,6.3783,35276080,226461663,0.0499,0.7886,6.4197,2.8285,7969403520,N/A,7969403520,1247168000,0,1247168000,48.4922,3.3224,4.2616,-43.2676,
600460.SH,Ê¿À¼Î¢,2015-02-06,6.3783,6.3383,6.6278,6.3283,6.4881,57655834,377130365,0.1098,1.7214,6.5411,4.6229,8106592000,N/A,8106592000,1247168000,0,1247168000,49.3269,3.3795,4.335,-44.0124,
600460.SH,Ê¿À¼Î¢,2015-02-09,6.4881,6.4881,6.6278,6.2585,6.2685,40317733,260803605,-0.2196,-3.3846,6.4687,3.2327,7832215040,N/A,7832215040,1247168000,0,1247168000,47.6574,3.2652,4.1883,-42.5227,
600460.SH,Ê¿À¼Î¢,2015-02-10,6.2685,6.2485,6.2485,6.0688,6.2086,35985638,222185946,-0.0599,-0.9554,6.1743,2.8854,7757384960,N/A,7757384960,1247168000,0,1247168000,47.2021,3.234,4.1483,-42.1165,
600460.SH,Ê¿À¼Î¢,2015-02-11,6.2086,6.1686,6.7176,6.1686,6.6777,56742182,369766736,0.4691,7.5563,6.5166,4.5497,8343553920,N/A,8343553920,1247168000,0,1247168000,50.7688,3.4783,4.4617,-45.2989,
600460.SH,Ê¿À¼Î¢,2015-02-12,6.6777,6.6977,6.7176,6.5679,6.6178,39613443,263773540,-0.0599,-0.8969,6.6587,3.1763,8268723840,N/A,8268723840,1247168000,0,1247168000,50.3135,3.4471,4.4217,-44.8926,
600460.SH,Ê¿À¼Î¢,2015-02-13,6.6178,6.6577,6.8374,6.5879,6.6278,40497222,271845492,0.01,0.1508,6.7127,3.2471,8281195520,N/A,8281195520,1247168000,0,1247168000,50.3893,3.4523,4.4284,-44.9603,
600460.SH,Ê¿À¼Î¢,2015-02-16,6.6278,6.6278,6.8274,6.6278,6.8075,37546539,254424532,0.1797,2.7108,6.7762,3.0105,8505685760,N/A,8505685760,1247168000,0,1247168000,51.7553,3.5459,4.5484,-46.1791,
600460.SH,Ê¿À¼Î¢,2015-02-17,6.8075,6.8075,6.8274,6.6877,6.7376,27825980,187793216,-0.0699,-1.0264,6.7488,2.2311,8418384000,N/A,8418384000,1247168000,0,1247168000,51.2241,3.5095,4.5017,-45.7052,
600460.SH,Ê¿À¼Î¢,2015-02-25,6.7376,6.7376,6.9272,6.6977,6.7376,30510787,208121968,0,0,6.8213,2.4464,8418384000,N/A,8418384000,1247168000,0,1247168000,51.2241,3.5095,4.5017,-45.7052,
600460.SH,Ê¿À¼Î¢,2015-02-26,6.7376,6.7176,6.7775,6.5779,6.7376,37502457,249909184,0,0,6.6638,3.007,8418384000,N/A,8418384000,1247168000,0,1247168000,51.2241,3.5095,4.5017,-45.7052,
600460.SH,Ê¿À¼Î¢,2015-02-27,6.7376,6.7276,6.9173,6.6877,6.7875,35088521,238993645,0.0499,0.7407,6.8112,2.8135,8480742400,N/A,8480742400,1247168000,0,1247168000,51.6035,3.5355,4.5351,-46.0437,
600460.SH,Ê¿À¼Î¢,2015-03-02,6.7875,6.8374,6.9472,6.7476,6.9372,40625063,279509008,0.1497,2.2059,6.8802,3.2574,8667817600,N/A,8667817600,1247168000,0,1247168000,52.7419,3.6135,4.6351,-47.0594,
600460.SH,Ê¿À¼Î¢,2015-03-03,6.9372,6.9173,7.057,6.8174,6.8674,41029063,285175033,-0.0699,-1.0072,6.9506,3.2898,8580515840,N/A,8580515840,1247168000,0,1247168000,52.2106,3.5771,4.5884,-46.5854,
600460.SH,Ê¿À¼Î¢,2015-03-04,6.8674,6.8674,7.0171,6.8574,6.9572,27364871,189816568,0.0898,1.3081,6.9365,2.1942,8692760960,N/A,8692760960,1247168000,0,1247168000,52.8936,3.6239,4.6485,-47.1948,
600460.SH,Ê¿À¼Î¢,2015-03-05,6.9572,6.9572,6.9772,6.8374,6.9372,26993650,187091319,-0.02,-0.2869,6.9309,2.1644,8667817600,N/A,8667817600,1247168000,0,1247168000,52.7419,3.6135,4.6351,-47.0594,
600460.SH,Ê¿À¼Î¢,2015-03-06,6.9372,6.9372,7.037,6.6977,6.7276,35360673,242496393,-0.2096,-3.0216,6.8578,2.8353,8405912320,N/A,8405912320,1247168000,0,1247168000,51.1482,3.5043,4.4951,-45.6375,
600460.SH,Ê¿À¼Î¢,2015-03-09,6.7276,6.6877,6.9073,6.6577,6.8773,24586314,167306967,0.1497,2.2255,6.8049,1.9714,8592987520,N/A,8592987520,1247168000,0,1247168000,52.2865,3.5823,4.5951,-46.6531,
600460.SH,Ê¿À¼Î¢,2015-03-10,6.8773,6.8973,6.9672,6.8374,6.9173,37839379,261510835,0.0399,0.5806,6.9111,3.034,8642874240,N/A,8642874240,1247168000,0,1247168000,52.5901,3.6031,4.6218,-46.924,
600460.SH,Ê¿À¼Î¢,2015-03-11,6.9173,6.8973,6.9073,6.7476,6.7975,28460375,194345778,-0.1198,-1.7316,6.8286,2.282,8493214080,N/A,8493214080,1247168000,0,1247168000,51.6794,3.5407,4.5418,-46.1114,
600460.SH,Ê¿À¼Î¢,2015-03-12,6.7975,6.7975,6.8973,6.7176,6.7875,25694830,174962438,-0.01,-0.1468,6.8092,2.0603,8480742400,N/A,8480742400,1247168000,0,1247168000,51.6035,3.5355,4.5351,-46.0437,
600460.SH,Ê¿À¼Î¢,2015-03-13,6.7875,6.7975,6.8574,6.7675,6.8075,19656174,134031067,0.02,0.2941,6.8188,1.5761,8505685760,N/A,8505685760,1247168000,0,1247168000,51.7553,3.5459,4.5484,-46.1791,
600460.SH,Ê¿À¼Î¢,2015-03-16,6.8075,6.8274,7.1369,6.8274,7.0969,54001092,381197771,0.2895,4.2522,7.0591,4.3299,8867364480,N/A,8867364480,1247168000,0,1247168000,53.9561,3.6967,4.7418,-48.1428,
600460.SH,Ê¿À¼Î¢,2015-03-17,7.0969,7.1269,7.3265,7.067,7.2367,56340215,404752438,0.1397,1.9691,7.1841,4.5175,9041968000,N/A,9041968000,1247168000,0,1247168000,55.0185,3.7695,4.8352,-49.0907,
600460.SH,Ê¿À¼Î¢,2015-03-18,7.2367,7.2566,7.3664,7.1967,7.3265,41572276,303263954,0.0898,1.2414,7.2949,3.3333,9154213120,N/A,9154213120,1247168000,0,1247168000,55.7015,3.8163,4.8952,-49.7001,
600460.SH,Ê¿À¼Î¢,2015-03-19,7.3265,7.2866,7.3465,7.1868,7.2566,41971678,304812838,-0.0699,-0.9537,7.2623,3.3654,9066911360,N/A,9066911360,1247168000,0,1247168000,55.1703,3.7799,4.8485,-49.2262,
600460.SH,Ê¿À¼Î¢,2015-03-20,7.2566,7.2766,7.4663,7.2766,7.3565,41194463,304291515,0.0998,1.3755,7.3867,3.303,9191628160,N/A,9191628160,1247168000,0,1247168000,55.9291,3.8319,4.9152,-49.9033,
600460.SH,Ê¿À¼Î¢,2015-03-23,7.3565,7.3764,7.626,7.3565,7.5461,57204464,428874283,0.1897,2.578,7.4972,4.5867,9428590080,N/A,9428590080,1247168000,0,1247168000,57.371,3.9307,5.0419,-51.1898,
600460.SH,Ê¿À¼Î¢,2015-03-24,7.5461,7.5261,7.576,7.1967,7.4163,54840384,406574375,-0.1298,-1.7196,7.4138,4.3972,9266458240,N/A,9266458240,1247168000,0,1247168000,56.3845,3.8631,4.9552,-50.3095,
600460.SH,Ê¿À¼Î¢,2015-03-25,7.4163,7.3964,7.9853,7.3065,7.8356,70761347,541382879,0.4192,5.6528,7.6508,5.6738,9790268800,N/A,9790268800,1247168000,0,1247168000,59.5717,4.0814,5.2354,-53.1534,
600460.SH,Ê¿À¼Î¢,2015-03-26,7.8356,7.6958,7.9154,7.5661,7.7258,50132067,388996796,-0.1098,-1.4013,7.7594,4.0197,9653080320,N/A,9653080320,1247168000,0,1247168000,58.737,4.0243,5.162,-52.4086,
600460.SH,Ê¿À¼Î¢,2015-03-27,7.7258,7.7557,8.2947,7.7258,8.165,62550079,506925518,0.4392,5.6848,8.1043,5.0154,10201834240,N/A,10201834240,1247168000,0,1247168000,62.076,4.253,5.4554,-55.3879,
600460.SH,Ê¿À¼Î¢,2015-03-30,8.165,8.1151,8.2448,8.0651,8.1849,52920079,431582050,0.02,0.2445,8.1554,4.2432,10226777600,N/A,10226777600,1247168000,0,1247168000,62.2278,4.2634,5.4688,-55.5233,
600460.SH,Ê¿À¼Î¢,2015-03-31,8.1849,8.1949,8.4245,8.0452,8.0951,46055079,378884871,-0.0898,-1.0976,8.2268,3.6928,10114532480,N/A,10114532480,1247168000,0,1247168000,61.5448,4.2166,5.4088,-54.9139,
600460.SH,Ê¿À¼Î¢,2015-04-01,8.0951,8.1151,8.2049,8.0352,8.1949,37699019,306914281,0.0998,1.233,8.1412,3.0228,10239249280,N/A,10239249280,1247168000,0,1247168000,62.3037,4.2686,5.4754,-55.591,
600460.SH,Ê¿À¼Î¢,2015-04-02,8.1949,8.2049,8.4644,8.2049,8.4145,48512133,404939218,0.2196,2.6797,8.3472,3.8898,10513626240,N/A,10513626240,1247168000,0,1247168000,63.9732,4.383,5.6222,-57.0807,
600460.SH,Ê¿À¼Î¢,2015-04-03,8.4145,8.3846,8.7738,8.2847,8.5742,51658640,442919513,0.1597,1.898,8.574,4.1421,10713173120,N/A,10713173120,1247168000,0,1247168000,65.1874,4.4662,5.7289,-58.1641,
600460.SH,Ê¿À¼Î¢,2015-04-07,8.5742,8.5742,8.8437,8.5343,8.7339,48724516,424858090,0.1597,1.8626,8.7196,3.9068,10912720000,N/A,10912720000,1247168000,0,1247168000,66.4016,4.5494,5.8356,-59.2474,
600460.SH,Ê¿À¼Î¢,2015-04-08,8.7339,8.7339,8.7639,8.3446,8.4944,54318296,464034952,-0.2396,-2.7429,8.5429,4.3553,10613399680,N/A,10613399680,1247168000,0,1247168000,64.5803,4.4246,5.6755,-57.6224,
600460.SH,Ê¿À¼Î¢,2015-04-09,8.4944,8.4444,8.4644,7.8855,8.165,50871131,415779261,-0.3294,-3.8778,8.1732,4.0789,10201834240,N/A,10201834240,1247168000,0,1247168000,62.076,4.253,5.4554,-55.3879,
600460.SH,Ê¿À¼Î¢,2015-04-10,8.165,8.1749,8.5243,8.1051,8.4844,40198187,338830977,0.3194,3.912,8.429,3.2232,10600928000,N/A,10600928000,1247168000,0,1247168000,64.5044,4.4194,5.6689,-57.5546,
600460.SH,Ê¿À¼Î¢,2015-04-13,8.4844,8.5043,8.714,8.5043,8.6042,41119519,355331531,0.1198,1.4118,8.6414,3.297,10750588160,N/A,10750588160,1247168000,0,1247168000,65.4151,4.4818,5.7489,-58.3672,
600460.SH,Ê¿À¼Î¢,2015-04-14,8.6042,8.5343,8.5842,8.3546,8.4844,48533875,411415161,-0.1198,-1.3921,8.4769,3.8915,10600928000,N/A,10600928000,1247168000,0,1247168000,64.5044,4.4194,5.6689,-57.5546,
600460.SH,Ê¿À¼Î¢,2015-04-15,8.4844,8.4844,8.4944,8.135,8.1949,39471035,328339681,-0.2895,-3.4118,8.3185,3.1649,10239249280,N/A,10239249280,1247168000,0,1247168000,62.3037,4.2686,5.4754,-55.591,
600460.SH,Ê¿À¼Î¢,2015-04-16,8.1949,8.0951,8.3646,8.0352,8.2448,31021637,255541523,0.0499,0.609,8.2375,2.4874,10301607680,N/A,10301607680,1247168000,0,1247168000,62.6831,4.2946,5.5088,-55.9296,
600460.SH,Ê¿À¼Î¢,2015-04-17,8.2448,8.2947,8.3446,8.165,8.2847,49305792,407938132,0.0399,0.4843,8.2736,3.9534,10351494400,N/A,10351494400,1247168000,0,1247168000,62.9867,4.3154,5.5355,-56.2004,
600460.SH,Ê¿À¼Î¢,2015-04-20,8.2847,8.2348,8.3646,8.0951,8.135,46758607,385326748,-0.1497,-1.8072,8.2408,3.7492,10164419200,N/A,10164419200,1247168000,0,1247168000,61.8484,4.2374,5.4354,-55.1847,
600460.SH,Ê¿À¼Î¢,2015-04-21,8.135,8.135,8.5642,8.135,8.5542,51658498,434120523,0.4192,5.1534,8.4037,4.1421,10688229760,N/A,10688229760,1247168000,0,1247168000,65.0356,4.4558,5.7155,-58.0286,
600460.SH,Ê¿À¼Î¢,2015-04-22,8.5542,8.5343,8.8337,8.5343,8.7439,68358367,597517542,0.1897,2.217,8.741,5.4811,10925191680,N/A,10925191680,1247168000,0,1247168000,66.4775,4.5546,5.8423,-59.3151,
600460.SH,Ê¿À¼Î¢,2015-04-23,8.7439,8.8038,9.4626,8.684,9.1432,79978964,721563535,0.3993,4.5662,9.0219,6.4128,11424058880,N/A,11424058880,1247168000,0,1247168000,69.513,4.7626,6.109,-62.0236,
600460.SH,Ê¿À¼Î¢,2015-04-24,9.1432,8.9934,9.3528,8.8936,9.0833,63864836,582626562,-0.0599,-0.655,9.1228,5.1208,11349228800,N/A,11349228800,1247168000,0,1247168000,69.0577,4.7314,6.069,-61.6173,
600460.SH,Ê¿À¼Î¢,2015-04-27,9.0833,9.1232,9.2829,8.8337,8.9835,54090088,488999500,-0.0998,-1.0989,9.0405,4.337,11224512000,N/A,11224512000,1247168000,0,1247168000,68.2988,4.6794,6.0023,-60.9402,
600460.SH,Ê¿À¼Î¢,2015-04-28,8.9835,8.9136,9.0334,8.4644,8.5942,50399375,438439082,-0.3893,-4.3333,8.6993,4.0411,10738116480,N/A,10738116480,1247168000,0,1247168000,65.3392,4.4766,5.7422,-58.2995,
600460.SH,Ê¿À¼Î¢,2015-04-29,8.5942,8.5243,9.0533,8.4744,8.9735,47033686,416101622,0.3793,4.4135,8.8469,3.7712,11212040320,N/A,11212040320,1247168000,0,1247168000,68.2229,4.6742,5.9956,-60.8725,
600460.SH,Ê¿À¼Î¢,2015-04-30,8.9735,8.9236,9.0334,8.714,8.7439,37921145,335118481,-0.2296,-2.5584,8.8372,3.0406,10925191680,N/A,10925191680,1247168000,0,1247168000,66.4775,4.5546,5.8423,-59.3151,
600460.SH,Ê¿À¼Î¢,2015-05-04,8.7439,8.684,8.8637,8.5343,8.8138,33390406,291609536,0.0699,0.7991,8.7333,2.6773,11012493440,N/A,11012493440,1247168000,0,1247168000,67.0087,4.591,5.8889,-59.7891,
600460.SH,Ê¿À¼Î¢,2015-05-05,8.8138,8.8138,8.8337,8.4444,8.5143,32193963,278510073,-0.2994,-3.3975,8.651,2.5814,10638343040,N/A,10638343040,1247168000,0,1247168000,64.7321,4.435,5.6889,-57.7578,
600460.SH,Ê¿À¼Î¢,2015-05-06,8.5143,8.6441,9.0134,8.3846,8.5742,53175002,465565243,0.0599,0.7034,8.7553,4.2637,10713173120,N/A,10713173120,1247168000,0,1247168000,65.1874,4.4662,5.7289,-58.1641,
600460.SH,Ê¿À¼Î¢,2015-05-07,8.5742,8.5043,8.5043,8.0352,8.0851,36250390,299429303,-0.4891,-5.7043,8.26,2.9066,10102060800,N/A,10102060800,1247168000,0,1247168000,61.4689,4.2114,5.4021,-54.8462,
600460.SH,Ê¿À¼Î¢,2015-05-08,8.0851,8.2149,8.3846,8.1051,8.3546,31604623,261379396,0.2695,3.3333,8.2703,2.5341,10438796160,N/A,10438796160,1247168000,0,1247168000,63.5179,4.3518,5.5822,-56.6744,
600460.SH,Ê¿À¼Î¢,2015-05-11,8.3546,8.3746,8.7639,8.2947,8.7539,44002182,377708184,0.3993,4.779,8.5839,3.5282,10937663360,N/A,10937663360,1247168000,0,1247168000,66.5534,4.5598,5.8489,-59.3829,
600460.SH,Ê¿À¼Î¢,2015-05-12,8.7539,8.7339,8.8637,8.5842,8.8138,50123027,439057023,0.0599,0.6842,8.7596,4.0189,11012493440,N/A,11012493440,1247168000,0,1247168000,67.0087,4.591,5.8889,-59.7891,
600460.SH,Ê¿À¼Î¢,2015-05-13,8.8138,8.7938,9.1731,8.664,9.0334,68344809,613909724,0.2196,2.4915,8.9825,5.48,11286870400,N/A,11286870400,1247168000,0,1247168000,68.6783,4.7054,6.0357,-61.2788,
600460.SH,Ê¿À¼Î¢,2015-05-14,9.0334,9.0334,9.3528,8.9735,9.213,64486230,592312485,0.1797,1.989,9.1851,5.1706,11511360640,N/A,11511360640,1247168000,0,1247168000,70.0442,4.799,6.1557,-62.4976,
600460.SH,Ê¿À¼Î¢,2015-05-15,9.213,9.0633,9.1731,8.7339,8.8038,50889312,453267542,-0.4092,-4.442,8.9069,4.0804,11000021760,N/A,11000021760,1247168000,0,1247168000,66.9328,4.5858,5.8823,-59.7214,
600460.SH,Ê¿À¼Î¢,2015-05-18,8.8038,8.684,9.5225,8.674,9.5025,85816716,790103758,0.6987,7.9365,9.2069,6.8809,11873039360,N/A,11873039360,1247168000,0,1247168000,72.245,4.9497,6.3491,-64.4612,
600460.SH,Ê¿À¼Î¢,2015-05-19,9.5025,9.3727,9.6622,9.243,9.6422,72044750,681016455,0.1397,1.4706,9.4527,5.7767,12047642880,N/A,12047642880,1247168000,0,1247168000,73.3074,5.0225,6.4425,-65.4092,
600460.SH,Ê¿À¼Î¢,2015-05-20,9.6422,9.6123,10.1513,9.4526,9.4825,81308450,801184975,-0.1597,-1.6563,9.8536,6.5194,11848096000,N/A,11848096000,1247168000,0,1247168000,72.0932,4.9393,6.3358,-64.3258,
600460.SH,Ê¿À¼Î¢,2015-05-21,9.4825,9.5025,10.0016,9.4825,9.8319,64838731,635018223,0.3494,3.6842,9.7938,5.1989,12284604800,N/A,12284604800,1247168000,0,1247168000,74.7493,5.1213,6.5692,-66.6957,
600460.SH,Ê¿À¼Î¢,2015-05-22,9.8319,10.0814,10.2312,9.7021,10.1014,70664576,704245436,0.2695,2.7411,9.966,5.666,12621340160,N/A,12621340160,1247168000,0,1247168000,76.7982,5.2617,6.7493,-68.5239,
600460.SH,Ê¿À¼Î¢,2015-05-25,10.1014,9.9417,10.6903,9.9018,10.4308,78508365,806251888,0.3294,3.2609,10.2696,6.2949,13032905600,N/A,13032905600,1247168000,0,1247168000,79.3025,5.4333,6.9694,-70.7584,
600460.SH,Ê¿À¼Î¢,2015-05-26,10.4308,10.6204,11.419,10.6005,11.1994,93250356,1028297222,0.7686,7.3684,11.0273,7.477,13993224960,N/A,13993224960,1247168000,0,1247168000,85.1459,5.8336,7.4829,-75.9721,
600460.SH,Ê¿À¼Î¢,2015-05-27,11.1994,11.1994,12.2774,10.7901,11.958,87573654,1005205756,0.7586,6.7736,11.4784,7.0218,14941072640,N/A,14941072640,1247168000,0,1247168000,90.9133,6.2288,7.9898,-81.1182,
600460.SH,Ê¿À¼Î¢,2015-05-28,11.958,11.8781,12.2574,10.7901,10.86,88899788,1031056552,-1.098,-9.182,11.598,7.1281,13569187840,N/A,13569187840,1247168000,0,1247168000,82.5657,5.6568,7.2561,-73.67,
600460.SH,Ê¿À¼Î¢,2015-05-29,10.86,10.86,11.18,10.05,10.71,59197289,632287419,-0.15,-1.3812,10.681,4.7465,13357169280,N/A,13357169280,1247168000,0,1247168000,81.2756,5.5684,7.1428,-72.5189,
600460.SH,Ê¿À¼Î¢,2015-06-01,10.71,10.8,11.78,10.65,11.78,62097709,702727398,1.07,9.9907,11.3165,4.9791,14691639040,N/A,14691639040,1247168000,0,1247168000,89.3956,6.1248,7.8564,-79.764,
600460.SH,Ê¿À¼Î¢,2015-06-02,11.78,11.9,12.96,11.78,12.96,77812233,966486373,1.18,10.017,12.4208,6.2391,16163297280,N/A,16163297280,1247168000,0,1247168000,98.3503,6.7383,8.6433,-87.7539,
600460.SH,Ê¿À¼Î¢,2015-06-03,12.96,13.18,13.82,12.5,13.21,86912630,1158073803,0.25,1.929,13.3246,6.9688,16475089280,N/A,16475089280,1247168000,0,1247168000,100.2475,6.8683,8.8101,-89.4467,
600460.SH,Ê¿À¼Î¢,2015-06-04,13.21,13.2,13.25,11.96,13.22,65733526,835513773,0.01,0.0757,12.7106,5.2706,16487560960,N/A,16487560960,1247168000,0,1247168000,100.3234,6.8735,8.8167,-89.5144,
600460.SH,Ê¿À¼Î¢,2015-06-05,13.22,13.5,14.26,13.21,13.67,74614897,1022558282,0.45,3.4039,13.7045,5.9827,17048786560,N/A,17048786560,1247168000,0,1247168000,103.7383,7.1074,9.1169,-92.5614,
600460.SH,Ê¿À¼Î¢,2015-06-08,13.67,13.58,13.58,12.69,12.84,73686540,957877051,-0.83,-6.0717,12.9993,5.9083,16013637120,N/A,16013637120,1247168000,0,1247168000,97.4396,6.6759,8.5633,-86.9414,
600460.SH,Ê¿À¼Î¢,2015-06-09,12.84,12.75,13.18,12.5,12.89,45865549,589410919,0.05,0.3894,12.8508,3.6776,16075995520,N/A,16075995520,1247168000,0,1247168000,97.8191,6.7019,8.5967,-87.2799,
600460.SH,Ê¿À¼Î¢,2015-06-10,12.89,12.69,13.35,12.53,13.15,53349334,697813385,0.26,2.0171,13.0801,4.2776,16400259200,N/A,16400259200,1247168000,0,1247168000,99.7922,6.8371,8.7701,-89.0404,
600460.SH,Ê¿À¼Î¢,2015-06-11,13.15,13.08,13.19,12.81,13.05,39966983,518132296,-0.1,-0.7605,12.964,3.2046,16275542400,N/A,16275542400,1247168000,0,1247168000,99.0333,6.7851,8.7034,-88.3633,
600460.SH,Ê¿À¼Î¢,2015-06-12,13.05,13.07,13.65,13.07,13.4,61059585,817710403,0.35,2.682,13.392,4.8959,16712051200,N/A,16712051200,1247168000,0,1247168000,101.6893,6.9671,8.9368,-90.7332,
600460.SH,Ê¿À¼Î¢,2015-06-15,13.4,13.4,13.4,12.78,12.82,56624821,736504807,-0.58,-4.3284,13.0067,4.5403,15988693760,N/A,15988693760,1247168000,0,1247168000,97.2879,6.6655,8.55,-86.806,
600460.SH,Ê¿À¼Î¢,2015-06-16,12.82,12.6,12.61,11.73,11.93,57139297,692996141,-0.89,-6.9423,12.1282,4.5815,14878714240,N/A,14878714240,1247168000,0,1247168000,90.5339,6.2028,7.9564,-80.7796,
600460.SH,Ê¿À¼Î¢,2015-06-17,11.93,11.8,12.22,11.21,12.16,46581530,548670090,0.23,1.9279,11.7787,3.735,15165562880,N/A,15165562880,1247168000,0,1247168000,92.2793,6.3223,8.1098,-82.337,
600460.SH,Ê¿À¼Î¢,2015-06-18,12.16,12.16,12.51,11.65,11.74,40916033,498131795,-0.42,-3.4539,12.1745,3.2807,14641752320,N/A,14641752320,1247168000,0,1247168000,89.092,6.104,7.8297,-79.4931,
600460.SH,Ê¿À¼Î¢,2015-06-19,11.74,11.45,11.7,10.57,10.57,40310363,449197611,-1.17,-9.9659,11.1435,3.2322,13182565760,N/A,13182565760,1247168000,0,1247168000,80.2132,5.4957,7.0494,-71.5709,
600460.SH,Ê¿À¼Î¢,2015-06-23,10.57,10.5,10.78,9.6,10.67,39995985,415218887,0.1,0.9461,10.3815,3.2069,13307282560,N/A,13307282560,1247168000,0,1247168000,80.972,5.5476,7.1161,-72.248,
600460.SH,Ê¿À¼Î¢,2015-06-24,10.67,10.77,11.09,10.61,10.94,40323718,438530979,0.27,2.5305,10.8753,3.2332,13644017920,N/A,13644017920,1247168000,0,1247168000,83.021,5.688,7.2962,-74.0762,
600460.SH,Ê¿À¼Î¢,2015-06-25,10.94,11.03,11.24,10.01,10.44,41826033,457006985,-0.5,-4.5704,10.9264,3.3537,13020433920,N/A,13020433920,1247168000,0,1247168000,79.2266,5.4281,6.9627,-70.6907,
600460.SH,Ê¿À¼Î¢,2015-06-26,10.44,10.06,10.29,9.4,9.4,46315726,453134302,-1.04,-9.9617,9.7836,3.7137,11723379200,N/A,11723379200,1247168000,0,1247168000,71.3343,4.8873,6.2691,-63.6487,
600460.SH,Ê¿À¼Î¢,2015-06-29,9.4,9.67,9.77,8.46,8.48,59291383,532222744,-0.92,-9.7872,8.9764,4.7541,10575984640,N/A,10575984640,1247168000,0,1247168000,64.3527,4.409,5.6555,-57.4192,
600460.SH,Ê¿À¼Î¢,2015-06-30,8.48,8.5,9.25,7.63,9.23,61360439,517947620,0.75,8.8443,8.4411,4.92,11511360640,N/A,11511360640,1247168000,0,1247168000,70.0442,4.799,6.1557,-62.4976,
600460.SH,Ê¿À¼Î¢,2015-07-01,9.23,9,9.47,8.39,8.52,52964961,482419120,-0.71,-7.6923,9.1083,4.2468,10625871360,N/A,10625871360,1247168000,0,1247168000,64.6562,4.4298,5.6822,-57.6901,
600460.SH,Ê¿À¼Î¢,2015-07-02,8.52,8.61,8.75,7.7,7.78,48049366,394533035,-0.74,-8.6854,8.211,3.8527,9702967040,N/A,9702967040,1247168000,0,1247168000,59.0405,4.0451,5.1887,-52.6794,
600460.SH,Ê¿À¼Î¢,2015-07-03,7.78,7.7,8.16,7,7.14,63160645,465324882,-0.64,-8.2262,7.3673,5.0643,8904779520,N/A,8904779520,1247168000,0,1247168000,54.1837,3.7123,4.7618,-48.3459,
600460.SH,Ê¿À¼Î¢,2015-07-06,7.14,7.85,7.85,6.57,7.3,69968322,508119812,0.16,2.2409,7.2621,5.6102,9104326400,N/A,9104326400,1247168000,0,1247168000,55.3979,3.7955,4.8685,-49.4293,
600460.SH,Ê¿À¼Î¢,2015-07-07,7.3,6.94,7.21,6.57,6.57,44732442,300560986,-0.73,-10,6.7191,3.5867,8193893760,N/A,8193893760,1247168000,0,1247168000,49.8581,3.4159,4.3817,-44.4864,
600460.SH,Ê¿À¼Î¢,2015-07-08,6.57,5.91,6.36,5.91,6.07,107466059,653933055,-0.5,-7.6104,6.085,8.6168,7570309760,N/A,7570309760,1247168000,0,1247168000,46.0638,3.156,4.0482,-41.1008,
600460.SH,Ê¿À¼Î¢,2015-07-09,6.07,5.97,6.68,5.96,6.68,40489561,263470006,0.61,10.0494,6.5071,3.2465,8331082240,N/A,8331082240,1247168000,0,1247168000,50.6929,3.4731,4.4551,-45.2312,
600460.SH,Ê¿À¼Î¢,2015-07-10,6.68,7.12,7.35,6.98,7.35,26713302,193774701,0.67,10.0299,7.2539,2.1419,9166684800,N/A,9166684800,1247168000,0,1247168000,55.7774,3.8215,4.9019,-49.7678,
600460.SH,Ê¿À¼Î¢,2015-07-13,7.35,7.98,8.09,7.56,8.09,54450372,430600047,0.74,10.068,7.9081,4.3659,10089589120,N/A,10089589120,1247168000,0,1247168000,61.393,4.2062,5.3954,-54.7785,
600460.SH,Ê¿À¼Î¢,2015-07-14,8.09,8.15,8.74,7.92,8.27,78065999,650086184,0.18,2.225,8.3274,6.2595,10314079360,N/A,10314079360,1247168000,0,1247168000,62.759,4.2998,5.5155,-55.9973,
600460.SH,Ê¿À¼Î¢,2015-07-15,8.27,7.97,8.08,7.44,7.44,49463001,378985003,-0.83,-10.0363,7.662,3.966,9278929920,N/A,9278929920,1247168000,0,1247168000,56.4604,3.8683,4.9619,-50.3772,
600460.SH,Ê¿À¼Î¢,2015-07-16,7.44,7.44,7.95,7.02,7.65,40830188,308868621,0.21,2.8226,7.5647,3.2738,9540835200,N/A,9540835200,1247168000,0,1247168000,58.054,3.9775,5.102,-51.7992,
600460.SH,Ê¿À¼Î¢,2015-07-17,7.65,7.7,8.38,7.66,8.2,40744222,327828482,0.55,7.1895,8.046,3.2669,10226777600,N/A,10226777600,1247168000,0,1247168000,62.2278,4.2634,5.4688,-55.5233,
600460.SH,Ê¿À¼Î¢,2015-07-20,8.2,8.22,8.47,8,8.21,47294671,389682679,0.01,0.122,8.2395,3.7922,10239249280,N/A,10239249280,1247168000,0,1247168000,62.3037,4.2686,5.4754,-55.591,
600460.SH,Ê¿À¼Î¢,2015-07-21,8.21,8.1,8.44,7.95,8.24,37163076,304587404,0.03,0.3654,8.196,2.9798,10276664320,N/A,10276664320,1247168000,0,1247168000,62.5314,4.2842,5.4955,-55.7942,
600460.SH,Ê¿À¼Î¢,2015-07-22,8.24,8.26,8.54,8.11,8.48,47726499,398870387,0.24,2.9126,8.3574,3.8268,10575984640,N/A,10575984640,1247168000,0,1247168000,64.3527,4.409,5.6555,-57.4192,
600460.SH,Ê¿À¼Î¢,2015-07-23,8.48,8.48,8.74,8.3,8.69,55586710,475355353,0.21,2.4764,8.5516,4.457,10837889920,N/A,10837889920,1247168000,0,1247168000,65.9463,4.5182,5.7956,-58.8412,
600460.SH,Ê¿À¼Î¢,2015-07-24,8.69,8.76,8.96,8.25,8.3,54939530,476364645,-0.39,-4.4879,8.6707,4.4051,10351494400,N/A,10351494400,1247168000,0,1247168000,62.9867,4.3154,5.5355,-56.2004,
600460.SH,Ê¿À¼Î¢,2015-07-27,8.3,8,8.3,7.47,7.47,38081894,302245333,-0.83,-10,7.9367,3.0535,9316344960,N/A,9316344960,1247168000,0,1247168000,56.688,3.8839,4.9819,-50.5804,
600460.SH,Ê¿À¼Î¢,2015-07-28,7.47,7.11,7.6,6.76,7.32,41295032,296369272,-0.15,-2.008,7.1769,3.3111,9129269760,N/A,9129269760,1247168000,0,1247168000,55.5497,3.8059,4.8819,-49.5647,
600460.SH,Ê¿À¼Î¢,2015-07-29,7.32,7.48,7.97,7.17,7.93,26456330,197108916,0.61,8.3333,7.4503,2.1213,9890042240,N/A,9890042240,1247168000,0,1247168000,60.1788,4.123,5.2887,-53.6951,
600460.SH,Ê¿À¼Î¢,2015-07-30,7.93,7.8,8.07,7.61,7.68,29870205,235774758,-0.25,-3.1526,7.8933,2.395,9578250240,N/A,9578250240,1247168000,0,1247168000,58.2817,3.9931,5.122,-52.0023,
600460.SH,Ê¿À¼Î¢,2015-07-31,7.68,7.52,7.75,7.51,7.59,25488615,193061179,-0.09,-1.1719,7.5744,2.0437,9466005120,N/A,9466005120,1247168000,0,1247168000,57.5987,3.9463,5.062,-51.3929,
600460.SH,Ê¿À¼Î¢,2015-08-03,7.59,7.49,7.75,7.3,7.74,26120003,193624569,0.15,1.9763,7.4129,2.0943,9653080320,N/A,9653080320,1247168000,0,1247168000,58.737,4.0243,5.162,-52.4086,
600460.SH,Ê¿À¼Î¢,2015-08-04,7.74,7.72,8.25,7.72,8.24,29872931,239575575,0.5,6.4599,8.0198,2.3953,10276664320,N/A,10276664320,1247168000,0,1247168000,62.5314,4.2842,5.4955,-55.7942,
600460.SH,Ê¿À¼Î¢,2015-08-05,8.24,8.2,8.28,7.89,7.97,26618519,216166793,-0.27,-3.2767,8.1209,2.1343,9939928960,N/A,9939928960,1247168000,0,1247168000,60.4824,4.1438,5.3154,-53.9659,
600460.SH,Ê¿À¼Î¢,2015-08-06,7.97,7.81,8.08,7.78,8.04,16249901,129470445,0.07,0.8783,7.9675,1.3029,10027230720,N/A,10027230720,1247168000,0,1247168000,61.0136,4.1802,5.3621,-54.4399,
600460.SH,Ê¿À¼Î¢,2015-08-07,8.04,8.1,8.39,8.1,8.28,26451829,218615196,0.24,2.9851,8.2647,2.121,10326551040,N/A,10326551040,1247168000,0,1247168000,62.8349,4.305,5.5221,-56.065,
600460.SH,Ê¿À¼Î¢,2015-08-10,8.28,8.32,8.69,8.21,8.61,41375122,349784420,0.33,3.9855,8.454,3.3175,10738116480,N/A,10738116480,1247168000,0,1247168000,65.3392,4.4766,5.7422,-58.2995,
600460.SH,Ê¿À¼Î¢,2015-08-11,8.61,8.56,8.66,8.46,8.56,32393764,277376774,-0.05,-0.5807,8.5627,2.5974,10675758080,N/A,10675758080,1247168000,0,1247168000,64.9598,4.4506,5.7089,-57.9609,
600460.SH,Ê¿À¼Î¢,2015-08-12,8.56,8.47,8.6,8.29,8.35,22733953,192487840,-0.21,-2.4533,8.467,1.8228,10413852800,N/A,10413852800,1247168000,0,1247168000,63.3661,4.3414,5.5688,-56.539,
600460.SH,Ê¿À¼Î¢,2015-08-13,8.35,8.35,8.74,8.33,8.74,33677243,288984518,0.39,4.6707,8.581,2.7003,10900248320,N/A,10900248320,1247168000,0,1247168000,66.3257,4.5442,5.8289,-59.1797,
600460.SH,Ê¿À¼Î¢,2015-08-14,8.74,8.8,8.86,8.58,8.65,37224511,323115443,-0.09,-1.0297,8.6802,2.9847,10788003200,N/A,10788003200,1247168000,0,1247168000,65.6427,4.4974,5.7689,-58.5703,
600460.SH,Ê¿À¼Î¢,2015-08-17,8.65,8.59,8.91,8.42,8.87,33889902,293890808,0.22,2.5434,8.6719,2.7173,11062380160,N/A,11062380160,1247168000,0,1247168000,67.3123,4.6118,5.9156,-60.06,
600460.SH,Ê¿À¼Î¢,2015-08-18,8.87,8.88,8.89,7.98,7.99,37617183,317635172,-0.88,-9.9211,8.4439,3.0162,9964872320,N/A,9964872320,1247168000,0,1247168000,60.6342,4.1542,5.3287,-54.1014,
600460.SH,Ê¿À¼Î¢,2015-08-19,7.99,7.78,8.15,7.31,8.1,30320876,236498847,0.11,1.3767,7.7999,2.4312,10102060800,N/A,10102060800,1247168000,0,1247168000,61.4689,4.2114,5.4021,-54.8462,
600460.SH,Ê¿À¼Î¢,2015-08-20,8.1,8,8.22,7.69,7.7,22178944,176634405,-0.4,-4.9383,7.9641,1.7783,9603193600,N/A,9603193600,1247168000,0,1247168000,58.4334,4.0035,5.1353,-52.1377,
600460.SH,Ê¿À¼Î¢,2015-08-21,7.7,7.59,7.69,7.07,7.14,27570182,202879103,-0.56,-7.2727,7.3586,2.2106,8904779520,N/A,8904779520,1247168000,0,1247168000,54.1837,3.7123,4.7618,-48.3459,
600460.SH,Ê¿À¼Î¢,2015-08-24,7.14,6.83,6.83,6.43,6.43,20333511,132348159,-0.71,-9.944,6.5089,1.6304,8019290240,N/A,8019290240,1247168000,0,1247168000,48.7957,3.3431,4.2883,-43.5384,
600460.SH,Ê¿À¼Î¢,2015-08-25,6.43,5.83,6.13,5.79,5.79,20761806,122092085,-0.64,-9.9533,5.8806,1.6647,7221102720,N/A,7221102720,1247168000,0,1247168000,43.9389,3.0104,3.8615,-39.2049,
600460.SH,Ê¿À¼Î¢,2015-08-26,5.79,5.79,6.09,5.4,5.57,27314643,157692625,-0.22,-3.7997,5.7732,2.1901,6946725760,N/A,6946725760,1247168000,0,1247168000,42.2694,2.896,3.7148,-37.7152,
600460.SH,Ê¿À¼Î¢,2015-08-27,5.57,5.72,6.08,5.52,5.94,20403066,117907427,0.37,6.6427,5.7789,1.636,7408177920,N/A,7408177920,1247168000,0,1247168000,45.0772,3.0884,3.9615,-40.2205,
600460.SH,Ê¿À¼Î¢,2015-08-28,5.94,6.03,6.4,5.99,6.37,23704965,146078669,0.43,7.2391,6.1624,1.9007,7944460160,N/A,7944460160,1247168000,0,1247168000,48.3404,3.312,4.2483,-43.1321,
600460.SH,Ê¿À¼Î¢,2015-08-31,6.37,6.35,6.35,5.98,6.04,19301272,117915164,-0.33,-5.1805,6.1092,1.5476,7532894720,N/A,7532894720,1247168000,0,1247168000,45.8361,3.1404,4.0282,-40.8977,
600460.SH,Ê¿À¼Î¢,2015-09-01,6.04,5.99,5.99,5.59,5.64,15976567,92304669,-0.4,-6.6225,5.7775,1.281,7034027520,N/A,7034027520,1247168000,0,1247168000,42.8006,2.9324,3.7615,-38.1892,
600460.SH,Ê¿À¼Î¢,2015-09-02,5.64,5.4,6.03,5.3,5.93,24471154,141061326,0.29,5.1418,5.7644,1.9621,7395706240,N/A,7395706240,1247168000,0,1247168000,45.0013,3.0832,3.9549,-40.1528,
600460.SH,Ê¿À¼Î¢,2015-09-07,5.93,6.02,6.3,5.98,6.06,16274268,100051777,0.13,2.1922,6.1479,1.3049,7557838080,N/A,7557838080,1247168000,0,1247168000,45.9879,3.1508,4.0416,-41.0331,
600460.SH,Ê¿À¼Î¢,2015-09-08,6.06,6.06,6.33,5.9,6.32,13825730,84735259,0.26,4.2904,6.1288,1.1086,7882101760,N/A,7882101760,1247168000,0,1247168000,47.9609,3.286,4.215,-42.7936,
600460.SH,Ê¿À¼Î¢,2015-09-09,6.32,6.33,6.55,6.26,6.54,23201077,149035120,0.22,3.481,6.4236,1.8603,8156478720,N/A,8156478720,1247168000,0,1247168000,49.6305,3.4003,4.3617,-44.2832,
600460.SH,Ê¿À¼Î¢,2015-09-10,6.54,6.45,6.45,6.23,6.28,13924881,88436875,-0.26,-3.9755,6.351,1.1165,7832215040,N/A,7832215040,1247168000,0,1247168000,47.6574,3.2652,4.1883,-42.5227,
600460.SH,Ê¿À¼Î¢,2015-09-11,6.28,6.26,6.4,6.22,6.35,9979409,63183766,0.07,1.1146,6.3314,0.8002,7919516800,N/A,7919516800,1247168000,0,1247168000,48.1886,3.3016,4.235,-42.9967,
600460.SH,Ê¿À¼Î¢,2015-09-14,6.35,6.35,6.42,5.72,5.72,16350229,97549081,-0.63,-9.9213,5.9662,1.311,7133800960,N/A,7133800960,1247168000,0,1247168000,43.4077,2.974,3.8148,-38.7309,
600460.SH,Ê¿À¼Î¢,2015-09-15,5.72,5.65,5.72,5.19,5.27,14041550,76775367,-0.45,-7.8671,5.4677,1.1259,6572575360,N/A,6572575360,1247168000,0,1247168000,39.9927,2.74,3.5147,-35.6839,
600460.SH,Ê¿À¼Î¢,2015-09-16,5.27,5.27,5.8,5.27,5.76,14914415,82486638,0.49,9.2979,5.5307,1.1959,7183687680,N/A,7183687680,1247168000,0,1247168000,43.7112,2.9948,3.8415,-39.0017,
600460.SH,Ê¿À¼Î¢,2015-09-17,5.76,5.76,5.91,5.52,5.57,18651641,107109587,-0.19,-3.2986,5.7426,1.4955,6946725760,N/A,6946725760,1247168000,0,1247168000,42.2694,2.896,3.7148,-37.7152,
600460.SH,Ê¿À¼Î¢,2015-09-18,5.57,5.57,5.64,5.5,5.62,12309040,68642030,0.05,0.8977,5.5766,0.987,7009084160,N/A,7009084160,1247168000,0,1247168000,42.6488,2.922,3.7481,-38.0538,
600460.SH,Ê¿À¼Î¢,2015-09-21,5.62,5.5,5.88,5.45,5.85,11573449,66197800,0.23,4.0925,5.7198,0.928,7295932800,N/A,7295932800,1247168000,0,1247168000,44.3942,3.0416,3.9015,-39.6111,
600460.SH,Ê¿À¼Î¢,2015-09-22,5.85,5.87,6.03,5.82,5.95,15862202,94033530,0.1,1.7094,5.9282,1.2719,7420649600,N/A,7420649600,1247168000,0,1247168000,45.1531,3.0936,3.9682,-40.2883,
600460.SH,Ê¿À¼Î¢,2015-09-23,5.95,5.88,5.93,5.78,5.8,11790618,68969437,-0.15,-2.521,5.8495,0.9454,7233574400,N/A,7233574400,1247168000,0,1247168000,44.0148,3.0156,3.8682,-39.2726,
600460.SH,Ê¿À¼Î¢,2015-09-24,5.8,5.83,5.93,5.83,5.88,9656973,56742390,0.08,1.3793,5.8758,0.7743,7333347840,N/A,7333347840,1247168000,0,1247168000,44.6219,3.0572,3.9215,-39.8143,
600460.SH,Ê¿À¼Î¢,2015-09-25,5.88,5.84,5.96,5.58,5.61,12289350,70717061,-0.27,-4.5918,5.7543,0.9854,6996612480,N/A,6996612480,1247168000,0,1247168000,42.5729,2.9168,3.7414,-37.9861,
600460.SH,Ê¿À¼Î¢,2015-09-28,5.61,5.63,5.77,5.53,5.74,6002627,34008397,0.13,2.3173,5.6656,0.4813,7158744320,N/A,7158744320,1247168000,0,1247168000,43.5595,2.9844,3.8281,-38.8663,
600460.SH,Ê¿À¼Î¢,2015-09-29,5.74,5.67,5.67,5.52,5.56,7161166,40021204,-0.18,-3.1359,5.5886,0.5742,6934254080,N/A,6934254080,1247168000,0,1247168000,42.1935,2.8908,3.7081,-37.6475,
600460.SH,Ê¿À¼Î¢,2015-09-30,5.56,5.6,5.65,5.55,5.57,5379503,30071891,0.01,0.1799,5.5901,0.4313,6946725760,N/A,6946725760,1247168000,0,1247168000,42.2694,2.896,3.7148,-37.7152,
600460.SH,Ê¿À¼Î¢,2015-10-08,5.57,5.8,5.94,5.76,5.89,14584877,85500438,0.32,5.7451,5.8623,1.1694,7345819520,N/A,7345819520,1247168000,0,1247168000,44.6978,3.0624,3.9282,-39.882,
600460.SH,Ê¿À¼Î¢,2015-10-09,5.89,5.9,6.05,5.86,6.02,14031290,83595329,0.13,2.2071,5.9578,1.1251,7507951360,N/A,7507951360,1247168000,0,1247168000,45.6843,3.13,4.0149,-40.7622,
600460.SH,Ê¿À¼Î¢,2015-10-12,6.02,6.06,6.37,6.02,6.29,20592656,128347466,0.27,4.485,6.2327,1.6512,7844686720,N/A,7844686720,1247168000,0,1247168000,47.7333,3.2704,4.195,-42.5904,
600460.SH,Ê¿À¼Î¢,2015-10-13,6.29,6.26,6.4,6.2,6.38,22845759,143955095,0.09,1.4308,6.3012,1.8318,7956931840,N/A,7956931840,1247168000,0,1247168000,48.4163,3.3172,4.255,-43.1998,
600460.SH,Ê¿À¼Î¢,2015-10-14,6.38,6.32,6.53,6.25,6.26,23276555,149029755,-0.12,-1.8809,6.4026,1.8664,7807271680,N/A,7807271680,1247168000,0,1247168000,47.5056,3.2548,4.1749,-42.3873,
600460.SH,Ê¿À¼Î¢,2015-10-15,6.26,6.27,6.53,6.25,6.52,24185380,155400174,0.26,4.1534,6.4254,1.9392,8131535360,N/A,8131535360,1247168000,0,1247168000,49.4787,3.3899,4.3483,-44.1478,
600460.SH,Ê¿À¼Î¢,2015-10-16,6.52,6.56,6.57,6.37,6.57,28325433,183878097,0.05,0.7669,6.4916,2.2712,8193893760,N/A,8193893760,1247168000,0,1247168000,49.8581,3.4159,4.3817,-44.4864,
600460.SH,Ê¿À¼Î¢,2015-10-19,6.57,6.6,7.08,6.6,6.94,53285474,365923694,0.37,5.6317,6.8672,4.2725,8655345920,N/A,8655345920,1247168000,0,1247168000,52.666,3.6083,4.6285,-46.9917,
600460.SH,Ê¿À¼Î¢,2015-10-20,6.94,6.88,7.04,6.81,6.97,25768911,178730752,0.03,0.4323,6.9359,2.0662,8692760960,N/A,8692760960,1247168000,0,1247168000,52.8936,3.6239,4.6485,-47.1948,
600460.SH,Ê¿À¼Î¢,2015-10-21,6.97,6.86,6.91,6.27,6.28,35028293,231721586,-0.69,-9.8996,6.6153,2.8086,7832215040,N/A,7832215040,1247168000,0,1247168000,47.6574,3.2652,4.1883,-42.5227,
600460.SH,Ê¿À¼Î¢,2015-10-22,6.28,6.3,6.49,6.17,6.46,27616083,175659515,0.18,2.8662,6.3608,2.2143,8056705280,N/A,8056705280,1247168000,0,1247168000,49.0234,3.3587,4.3083,-43.7415,
600460.SH,Ê¿À¼Î¢,2015-10-23,6.46,6.51,6.73,6.5,6.71,26904101,177848469,0.25,3.87,6.6105,2.1572,8368497280,N/A,8368497280,1247168000,0,1247168000,50.9206,3.4887,4.4751,-45.4343,
600460.SH,Ê¿À¼Î¢,2015-10-26,6.71,6.79,7.12,6.78,7.01,34304295,237816297,0.3,4.4709,6.9326,2.7506,8742647680,N/A,8742647680,1247168000,0,1247168000,53.1972,3.6447,4.6751,-47.4657,
600460.SH,Ê¿À¼Î¢,2015-10-27,7.01,6.75,7.28,6.58,7.14,31497892,218570734,0.13,1.8545,6.9392,2.5256,8904779520,N/A,8904779520,1247168000,0,1247168000,54.1837,3.7123,4.7618,-48.3459,
600460.SH,Ê¿À¼Î¢,2015-10-28,7.14,7.04,7.21,6.83,6.88,24647036,172963553,-0.26,-3.6415,7.0176,1.9762,8580515840,N/A,8580515840,1247168000,0,1247168000,52.2106,3.5771,4.5884,-46.5854,
600460.SH,Ê¿À¼Î¢,2015-10-29,6.88,6.93,7.15,6.84,6.99,20410028,142830858,0.11,1.5988,6.9981,1.6365,8717704320,N/A,8717704320,1247168000,0,1247168000,53.0454,3.6343,4.6618,-47.3302,
600460.SH,Ê¿À¼Î¢,2015-10-30,6.99,6.97,7.03,6.79,6.92,15604746,108079620,-0.07,-1.0014,6.9261,1.2512,8630402560,N/A,8630402560,1247168000,0,1247168000,52.5142,3.5979,4.6151,-46.8563,
600460.SH,Ê¿À¼Î¢,2015-11-02,6.92,6.86,7.12,6.71,6.97,22970407,160753568,0.05,0.7225,6.9983,1.8418,8692760960,N/A,8692760960,1247168000,0,1247168000,52.8936,3.6239,4.6485,-47.1948,
600460.SH,Ê¿À¼Î¢,2015-11-03,6.97,6.96,7.03,6.8,6.83,16220136,111970638,-0.14,-2.0086,6.9032,1.3006,8518157440,N/A,8518157440,1247168000,0,1247168000,51.8312,3.5511,4.5551,-46.2469,
600460.SH,Ê¿À¼Î¢,2015-11-04,6.83,6.85,7.51,6.85,7.44,43067056,312474808,0.61,8.9312,7.2555,3.4532,9278929920,N/A,9278929920,1247168000,0,1247168000,56.4604,3.8683,4.9619,-50.3772,
600460.SH,Ê¿À¼Î¢,2015-11-05,7.44,7.38,7.51,7.19,7.31,35769063,262166279,-0.13,-1.7473,7.3294,2.868,9116798080,N/A,9116798080,1247168000,0,1247168000,55.4738,3.8007,4.8752,-49.497,
600460.SH,Ê¿À¼Î¢,2015-11-06,7.31,7.5,7.92,7.49,7.57,42893726,329894816,0.26,3.5568,7.691,3.4393,9441061760,N/A,9441061760,1247168000,0,1247168000,57.4469,3.9359,5.0486,-51.2575,
600460.SH,Ê¿À¼Î¢,2015-11-09,7.57,7.61,7.9,7.36,7.71,62427052,472083596,0.14,1.8494,7.5622,5.0055,9615665280,N/A,9615665280,1247168000,0,1247168000,58.5093,4.0087,5.142,-52.2055,
600460.SH,Ê¿À¼Î¢,2015-11-10,7.71,7.68,8.22,7.58,7.87,62255773,489783944,0.16,2.0752,7.8673,4.9918,9815212160,N/A,9815212160,1247168000,0,1247168000,59.7235,4.0918,5.2487,-53.2888,
600460.SH,Ê¿À¼Î¢,2015-11-11,7.87,7.82,8.05,7.75,7.88,35134853,277323990,0.01,0.1271,7.8931,2.8172,9827683840,N/A,9827683840,1247168000,0,1247168000,59.7994,4.097,5.2554,-53.3565,
600460.SH,Ê¿À¼Î¢,2015-11-12,7.88,7.86,7.96,7.48,7.68,44859409,345814307,-0.2,-2.5381,7.7088,3.5969,9578250240,N/A,9578250240,1247168000,0,1247168000,58.2817,3.9931,5.122,-52.0023,
600460.SH,Ê¿À¼Î¢,2015-11-13,7.68,7.57,7.64,7.35,7.41,30357619,227097880,-0.27,-3.5156,7.4808,2.4341,9241514880,N/A,9241514880,1247168000,0,1247168000,56.2327,3.8527,4.9419,-50.1741,
600460.SH,Ê¿À¼Î¢,2015-11-16,7.41,7.33,7.87,7.3,7.79,30794976,235119623,0.38,5.1282,7.635,2.4692,9715438720,N/A,9715438720,1247168000,0,1247168000,59.1164,4.0503,5.1953,-52.7471,
600460.SH,Ê¿À¼Î¢,2015-11-17,7.79,7.96,7.99,7.54,7.58,39069259,302753930,-0.21,-2.6958,7.7492,3.1326,9453533440,N/A,9453533440,1247168000,0,1247168000,57.5228,3.9411,5.0553,-51.3252,
600460.SH,Ê¿À¼Î¢,2015-11-18,7.58,7.6,7.66,7.38,7.43,21461984,161709281,-0.15,-1.9789,7.5347,1.7209,9266458240,N/A,9266458240,1247168000,0,1247168000,56.3845,3.8631,4.9552,-50.3095,
600460.SH,Ê¿À¼Î¢,2015-11-19,7.43,7.48,7.99,7.44,7.94,38252863,295117831,0.51,6.8641,7.7149,3.0672,9902513920,N/A,9902513920,1247168000,0,1247168000,60.2547,4.1282,5.2954,-53.7628,
600460.SH,Ê¿À¼Î¢,2015-11-20,7.94,7.93,8.02,7.73,7.87,54131392,425411468,-0.07,-0.8816,7.8589,4.3403,9815212160,N/A,9815212160,1247168000,0,1247168000,59.7235,4.0918,5.2487,-53.2888,
600460.SH,Ê¿À¼Î¢,2015-11-23,7.87,7.89,8,7.75,7.84,37896562,299227624,-0.03,-0.3812,7.8959,3.0386,9777797120,N/A,9777797120,1247168000,0,1247168000,59.4959,4.0762,5.2287,-53.0857,
600460.SH,Ê¿À¼Î¢,2015-11-24,7.84,7.79,8.28,7.63,8.24,61253736,491029284,0.4,5.102,8.0163,4.9114,10276664320,N/A,10276664320,1247168000,0,1247168000,62.5314,4.2842,5.4955,-55.7942,
600460.SH,Ê¿À¼Î¢,2015-11-25,8.24,8.15,8.76,8.08,8.58,69863464,593573099,0.34,4.1262,8.4962,5.6018,10700701440,N/A,10700701440,1247168000,0,1247168000,65.1115,4.461,5.7222,-58.0963,
600460.SH,Ê¿À¼Î¢,2015-11-26,8.58,8.56,8.96,8.47,8.85,48555291,418296015,0.27,3.1469,8.6148,3.8932,11037436800,N/A,11037436800,1247168000,0,1247168000,67.1605,4.6014,5.9023,-59.9245,
600460.SH,Ê¿À¼Î¢,2015-11-27,8.85,8.74,9.07,7.98,8.15,46675950,401185513,-0.7,-7.9096,8.5951,3.7426,10164419200,N/A,10164419200,1247168000,0,1247168000,61.8484,4.2374,5.4354,-55.1847,
600460.SH,Ê¿À¼Î¢,2015-11-30,8.15,8.2,8.97,7.87,8.94,56586196,478151236,0.79,9.6933,8.45,4.5372,11149681920,N/A,11149681920,1247168000,0,1247168000,67.8435,4.6482,5.9623,-60.5339,
600460.SH,Ê¿À¼Î¢,2015-12-01,8.94,8.84,9.04,8.61,8.79,41557506,366572327,-0.15,-1.6779,8.8208,3.3321,10962606720,N/A,10962606720,1247168000,0,1247168000,66.7052,4.5702,5.8623,-59.5183,
600460.SH,Ê¿À¼Î¢,2015-12-02,8.79,8.75,8.87,8.09,8.51,28278574,240239282,-0.28,-3.1854,8.4955,2.2674,10613399680,N/A,10613399680,1247168000,0,1247168000,64.5803,4.4246,5.6755,-57.6224,
600460.SH,Ê¿À¼Î¢,2015-12-03,8.51,8.45,9.06,8.38,9.04,44639999,395426404,0.53,6.228,8.8581,3.5793,11274398720,N/A,11274398720,1247168000,0,1247168000,68.6024,4.7002,6.029,-61.2111,
600460.SH,Ê¿À¼Î¢,2015-12-04,9.04,8.9,9.18,8.68,8.77,40853962,364197302,-0.27,-2.9867,8.9146,3.2757,10937663360,N/A,10937663360,1247168000,0,1247168000,66.5534,4.5598,5.8489,-59.3829,
600460.SH,Ê¿À¼Î¢,2015-12-07,8.77,8.86,9.02,8.78,8.93,23297440,207509087,0.16,1.8244,8.9069,1.868,11137210240,N/A,11137210240,1247168000,0,1247168000,67.7676,4.643,5.9556,-60.4662,
600460.SH,Ê¿À¼Î¢,2015-12-08,8.93,8.85,8.87,8.38,8.47,28669929,245430290,-0.46,-5.1512,8.5605,2.2988,10563512960,N/A,10563512960,1247168000,0,1247168000,64.2768,4.4038,5.6488,-57.3515,
600460.SH,Ê¿À¼Î¢,2015-12-09,8.47,8.4,8.47,8.15,8.27,21091927,175154129,-0.2,-2.3613,8.3043,1.6912,10314079360,N/A,10314079360,1247168000,0,1247168000,62.759,4.2998,5.5155,-55.9973,
600460.SH,Ê¿À¼Î¢,2015-12-10,8.27,8.28,8.43,8.15,8.2,15162967,125325056,-0.07,-0.8464,8.2652,1.2158,10226777600,N/A,10226777600,1247168000,0,1247168000,62.2278,4.2634,5.4688,-55.5233,
600460.SH,Ê¿À¼Î¢,2015-12-11,8.2,8.19,8.36,8.1,8.22,15432800,127493308,0.02,0.2439,8.2612,1.2374,10251720960,N/A,10251720960,1247168000,0,1247168000,62.3796,4.2738,5.4821,-55.6587,
600460.SH,Ê¿À¼Î¢,2015-12-14,8.22,8.19,8.53,8.1,8.45,16234597,134922520,0.23,2.7981,8.3108,1.3017,10538569600,N/A,10538569600,1247168000,0,1247168000,64.125,4.3934,5.6355,-57.2161,
600460.SH,Ê¿À¼Î¢,2015-12-15,8.45,8.41,8.73,8.41,8.51,18673548,159844132,0.06,0.7101,8.5599,1.4973,10613399680,N/A,10613399680,1247168000,0,1247168000,64.5803,4.4246,5.6755,-57.6224,
600460.SH,Ê¿À¼Î¢,2015-12-16,8.51,8.56,8.66,8.48,8.49,18931634,162110301,-0.02,-0.235,8.5629,1.518,10588456320,N/A,10588456320,1247168000,0,1247168000,64.4285,4.4142,5.6622,-57.4869,
600460.SH,Ê¿À¼Î¢,2015-12-17,8.49,8.55,8.8,8.48,8.74,45382177,390862274,0.25,2.9446,8.6127,3.6388,10900248320,N/A,10900248320,1247168000,0,1247168000,66.3257,4.5442,5.8289,-59.1797,
600460.SH,Ê¿À¼Î¢,2015-12-18,8.74,8.64,8.8,8.44,8.5,30202465,259518329,-0.24,-2.746,8.5926,2.4217,10600928000,N/A,10600928000,1247168000,0,1247168000,64.5044,4.4194,5.6689,-57.5546,
600460.SH,Ê¿À¼Î¢,2015-12-21,8.5,8.51,8.67,8.51,8.6,27270955,234057107,0.1,1.1765,8.5827,2.1866,10725644800,N/A,10725644800,1247168000,0,1247168000,65.2633,4.4714,5.7355,-58.2318,
600460.SH,Ê¿À¼Î¢,2015-12-22,8.6,8.6,8.62,8.42,8.54,22756806,194011161,-0.06,-0.6977,8.5254,1.8247,10650814720,N/A,10650814720,1247168000,0,1247168000,64.808,4.4402,5.6955,-57.8255,
600460.SH,Ê¿À¼Î¢,2015-12-23,8.54,8.53,8.84,8.48,8.6,37617911,325399402,0.06,0.7026,8.6501,3.0163,10725644800,N/A,10725644800,1247168000,0,1247168000,65.2633,4.4714,5.7355,-58.2318,
600460.SH,Ê¿À¼Î¢,2015-12-24,8.6,8.6,8.96,8.51,8.86,51679754,453749797,0.26,3.0233,8.78,4.1438,11049908480,N/A,11049908480,1247168000,0,1247168000,67.2364,4.6066,5.9089,-59.9923,
600460.SH,Ê¿À¼Î¢,2015-12-25,8.86,8.86,8.9,8.7,8.88,29387874,258634687,0.02,0.2257,8.8007,2.3564,11074851840,N/A,11074851840,1247168000,0,1247168000,67.3882,4.617,5.9223,-60.1277,
600460.SH,Ê¿À¼Î¢,2015-12-28,8.88,8.89,9.32,8.76,8.8,49383073,447012680,-0.08,-0.9009,9.0519,3.9596,10975078400,N/A,10975078400,1247168000,0,1247168000,66.7811,4.5754,5.8689,-59.586,
600460.SH,Ê¿À¼Î¢,2015-12-29,8.8,8.82,8.91,8.53,8.9,27033488,235959172,0.1,1.1364,8.7284,2.1676,11099795200,N/A,11099795200,1247168000,0,1247168000,67.5399,4.6274,5.9356,-60.2631,
600460.SH,Ê¿À¼Î¢,2015-12-30,8.9,8.95,9.29,8.87,9.21,50919230,465483903,0.31,3.4831,9.1416,4.0828,11486417280,N/A,11486417280,1247168000,0,1247168000,69.8925,4.7886,6.1424,-62.3622,
600460.SH,Ê¿À¼Î¢,2015-12-31,9.21,9.15,9.25,8.8,8.85,23511659,211989934,-0.36,-3.9088,9.0164,1.8852,11037436800,N/A,11037436800,1247168000,0,1247168000,67.1605,4.6014,5.9023,-59.9245,
600460.SH,Ê¿À¼Î¢,2016-01-04,8.85,8.8,8.89,7.97,7.97,25412818,211006317,-0.88,-9.9435,8.3031,2.0376,9939928960,N/A,9939928960,1247168000,0,1247168000,249.2697,4.1386,5.1598,-1130.549,
600460.SH,Ê¿À¼Î¢,2016-01-05,7.97,7.51,7.89,7.17,7.49,37962606,284614389,-0.48,-6.0226,7.4972,3.0439,9341288320,N/A,9341288320,1247168000,0,1247168000,234.2572,3.8894,4.8491,-1062.4607,
600460.SH,Ê¿À¼Î¢,2016-01-06,7.49,7.6,7.8,7.46,7.7,23477841,179379961,0.21,2.8037,7.6404,1.8825,9603193600,N/A,9603193600,1247168000,0,1247168000,240.8252,3.9984,4.985,-1092.2493,
600460.SH,Ê¿À¼Î¢,2016-01-07,7.7,7.54,7.54,6.93,6.93,6935300,49138176,-0.77,-10,7.0852,0.5561,8642874240,N/A,8642874240,1247168000,0,1247168000,216.7427,3.5986,4.4865,-983.0244,
600460.SH,Ê¿À¼Î¢,2016-01-08,6.93,7.18,7.25,6.43,6.81,28894221,199597246,-0.12,-1.7316,6.9079,2.3168,8493214080,N/A,8493214080,1247168000,0,1247168000,212.9895,3.5363,4.4088,-966.0023,
600460.SH,Ê¿À¼Î¢,2016-01-11,6.81,6.62,6.79,6.13,6.13,25882580,165415504,-0.68,-9.9853,6.391,2.0753,7645139840,N/A,7645139840,1247168000,0,1247168000,191.7219,3.1832,3.9686,-869.5439,
600460.SH,Ê¿À¼Î¢,2016-01-12,6.13,6.13,6.24,5.8,6.08,25477009,153869784,-0.05,-0.8157,6.0396,2.0428,7582781440,N/A,7582781440,1247168000,0,1247168000,190.1581,3.1572,3.9362,-862.4514,
600460.SH,Ê¿À¼Î¢,2016-01-13,6.08,6.1,6.22,5.7,5.73,21008491,126310625,-0.35,-5.7566,6.0124,1.6845,7146272640,N/A,7146272640,1247168000,0,1247168000,179.2115,2.9755,3.7096,-812.8037,
600460.SH,Ê¿À¼Î¢,2016-01-14,5.73,5.55,6.02,5.46,5.99,30997972,178294582,0.26,4.5375,5.7518,2.4855,7470536320,N/A,7470536320,1247168000,0,1247168000,187.3432,3.1105,3.8779,-849.6849,
600460.SH,Ê¿À¼Î¢,2016-01-15,5.99,5.95,6,5.6,5.64,20014284,116707061,-0.35,-5.8431,5.8312,1.6048,7034027520,N/A,7034027520,1247168000,0,1247168000,176.3966,2.9287,3.6514,-800.0372,
600460.SH,Ê¿À¼Î¢,2016-01-18,5.64,5.54,6.03,5.48,5.88,22483659,130926632,0.24,4.2553,5.8232,1.8028,7333347840,N/A,7333347840,1247168000,0,1247168000,183.9029,3.0534,3.8067,-834.0813,
600460.SH,Ê¿À¼Î¢,2016-01-19,5.88,5.87,6.11,5.8,6.09,22549298,134482048,0.21,3.5714,5.9639,1.808,7595253120,N/A,7595253120,1247168000,0,1247168000,190.4708,3.1624,3.9427,-863.8699,
600460.SH,Ê¿À¼Î¢,2016-01-20,6.09,6.01,6.14,5.93,5.99,21203159,127593579,-0.1,-1.642,6.0177,1.7001,7470536320,N/A,7470536320,1247168000,0,1247168000,187.3432,3.1105,3.8779,-849.6849,
600460.SH,Ê¿À¼Î¢,2016-01-21,5.99,5.89,6.11,5.74,5.76,19195818,114279266,-0.23,-3.8397,5.9533,1.5392,7183687680,N/A,7183687680,1247168000,0,1247168000,180.1497,2.991,3.729,-817.0592,
600460.SH,Ê¿À¼Î¢,2016-01-22,5.76,5.85,5.92,5.64,5.9,16425304,95482407,0.14,2.4306,5.8131,1.317,7358291200,N/A,7358291200,1247168000,0,1247168000,184.5284,3.0637,3.8197,-836.9183,
600460.SH,Ê¿À¼Î¢,2016-01-25,5.9,5.98,6.03,5.88,5.96,13055708,77785007,0.06,1.0169,5.9579,1.0468,7433121280,N/A,7433121280,1247168000,0,1247168000,186.4049,3.0949,3.8585,-845.4293,
600460.SH,Ê¿À¼Î¢,2016-01-26,5.96,5.88,5.88,5.36,5.37,18494129,104276776,-0.59,-9.8993,5.6384,1.4829,6697292160,N/A,6697292160,1247168000,0,1247168000,167.9521,2.7885,3.4766,-761.7375,
600460.SH,Ê¿À¼Î¢,2016-01-27,5.37,5.42,5.42,4.95,5.28,19871794,103552728,-0.09,-1.676,5.211,1.5934,6585047040,N/A,6585047040,1247168000,0,1247168000,165.1373,2.7418,3.4183,-748.9709,
600460.SH,Ê¿À¼Î¢,2016-01-28,5.28,5.22,5.27,4.99,5,15446989,79478050,-0.28,-5.303,5.1452,1.2386,6235840000,N/A,6235840000,1247168000,0,1247168000,156.38,2.5964,3.237,-709.2528,
600460.SH,Ê¿À¼Î¢,2016-01-29,5,5.03,5.32,5,5.21,16152345,83338778,0.21,4.2,5.1595,1.2951,6497745280,N/A,6497745280,1247168000,0,1247168000,162.9479,2.7054,3.373,-739.0414,
600460.SH,Ê¿À¼Î¢,2016-02-01,5.21,5.2,5.21,5,5.09,12904011,65958722,-0.12,-2.3033,5.1115,1.0347,6348085120,N/A,6348085120,1247168000,0,1247168000,159.1948,2.6431,3.2953,-722.0193,
600460.SH,Ê¿À¼Î¢,2016-02-02,5.09,5.09,5.34,5.08,5.29,14619745,76718104,0.2,3.9293,5.2476,1.1722,6597518720,N/A,6597518720,1247168000,0,1247168000,165.45,2.747,3.4248,-750.3895,
600460.SH,Ê¿À¼Î¢,2016-02-03,5.29,5.19,5.51,5.1,5.45,25784058,136149759,0.16,3.0246,5.2804,2.0674,6797065600,N/A,6797065600,1247168000,0,1247168000,170.4542,2.8301,3.5283,-773.0856,
600460.SH,Ê¿À¼Î¢,2016-02-04,5.45,6,6,6,6,13645950,81875700,0.55,10.0917,6,1.0942,7483008000,N/A,7483008000,1247168000,0,1247168000,187.656,3.1157,3.8844,-851.1034,
600460.SH,Ê¿À¼Î¢,2016-02-05,6,6.3,6.42,6.06,6.09,51365829,319156860,0.09,1.5,6.2134,4.1186,7595253120,N/A,7595253120,1247168000,0,1247168000,190.4708,3.1624,3.9427,-863.8699,
600460.SH,Ê¿À¼Î¢,2016-02-15,6.09,5.75,5.98,5.7,5.92,25093274,146056459,-0.17,-2.7915,5.8205,2.012,7383234560,N/A,7383234560,1247168000,0,1247168000,185.1539,3.0741,3.8326,-839.7553,
600460.SH,Ê¿À¼Î¢,2016-02-16,5.92,5.98,6.15,5.93,6.1,25764789,156358406,0.18,3.0405,6.0687,2.0659,7607724800,N/A,7607724800,1247168000,0,1247168000,190.7836,3.1676,3.9492,-865.2885,
600460.SH,Ê¿À¼Î¢,2016-02-17,6.1,6.03,6.26,5.9,6.17,30220495,183402366,0.07,1.1475,6.0688,2.4231,7695026560,N/A,7695026560,1247168000,0,1247168000,192.9729,3.2039,3.9945,-875.218,
600460.SH,Ê¿À¼Î¢,2016-02-18,6.17,6.38,6.5,6.05,6.06,31921370,198081667,-0.11,-1.7828,6.2053,2.5595,7557838080,N/A,7557838080,1247168000,0,1247168000,189.5325,3.1468,3.9233,-859.6144,
600460.SH,Ê¿À¼Î¢,2016-02-19,6.06,5.98,6.1,5.96,6.07,18215725,109789869,0.01,0.165,6.0272,1.4606,7570309760,N/A,7570309760,1247168000,0,1247168000,189.8453,3.152,3.9297,-861.0329,
600460.SH,Ê¿À¼Î¢,2016-02-22,6.07,6.16,6.21,6.09,6.19,23496314,144698056,0.12,1.9769,6.1583,1.884,7719969920,N/A,7719969920,1247168000,0,1247168000,193.5984,3.2143,4.0074,-878.055,
600460.SH,Ê¿À¼Î¢,2016-02-23,6.19,6.2,6.33,6.08,6.25,25691538,159603460,0.06,0.9693,6.2123,2.06,7794800000,N/A,7794800000,1247168000,0,1247168000,195.475,3.2455,4.0463,-886.566,
600460.SH,Ê¿À¼Î¢,2016-02-24,6.25,6.22,6.24,6.01,6.2,22319228,136926718,-0.05,-0.8,6.1349,1.7896,7732441600,N/A,7732441600,1247168000,0,1247168000,193.9112,3.2195,4.0139,-879.4735,
600460.SH,Ê¿À¼Î¢,2016-02-25,6.2,6.18,6.18,5.58,5.58,27975242,163157155,-0.62,-10,5.8322,2.2431,6959197440,N/A,6959197440,1247168000,0,1247168000,174.5201,2.8976,3.6125,-791.5261,
600460.SH,Ê¿À¼Î¢,2016-02-26,5.58,5.63,5.71,5.42,5.55,16412474,91843868,-0.03,-0.5376,5.596,1.316,6921782400,N/A,6921782400,1247168000,0,1247168000,173.5818,2.882,3.5931,-787.2706,
600460.SH,Ê¿À¼Î¢,2016-02-29,5.55,5.55,5.57,5.07,5.16,17969358,93329986,-0.39,-7.027,5.1938,1.4408,6435386880,N/A,6435386880,1247168000,0,1247168000,161.3841,2.6795,3.3406,-731.9489,
600460.SH,Ê¿À¼Î¢,2016-03-01,5.16,5.21,5.35,5.1,5.28,14242533,74301029,0.12,2.3256,5.2168,1.142,6585047040,N/A,6585047040,1247168000,0,1247168000,165.1373,2.7418,3.4183,-748.9709,
600460.SH,Ê¿À¼Î¢,2016-03-02,5.28,5.27,5.62,5.27,5.6,23060390,126038827,0.32,6.0606,5.4656,1.849,6984140800,N/A,6984140800,1247168000,0,1247168000,175.1456,2.908,3.6255,-794.3632,
600460.SH,Ê¿À¼Î¢,2016-03-03,5.6,5.59,5.83,5.55,5.63,23400038,133128808,0.03,0.5357,5.6893,1.8763,7021555840,N/A,7021555840,1247168000,0,1247168000,176.0839,2.9235,3.6449,-798.6187,
600460.SH,Ê¿À¼Î¢,2016-03-04,5.63,5.59,5.65,5.28,5.38,22830356,124515557,-0.25,-4.4405,5.4539,1.8306,6709763840,N/A,6709763840,1247168000,0,1247168000,168.2649,2.7937,3.483,-763.156,
600460.SH,Ê¿À¼Î¢,2016-03-07,5.38,5.44,5.6,5.44,5.57,16787781,92663834,0.19,3.5316,5.5197,1.3461,6946725760,N/A,6946725760,1247168000,0,1247168000,174.2073,2.8924,3.606,-790.1076,
600460.SH,Ê¿À¼Î¢,2016-03-08,5.57,5.56,5.6,5.27,5.58,16832943,91659505,0.01,0.1795,5.4452,1.3497,6959197440,N/A,6959197440,1247168000,0,1247168000,174.5201,2.8976,3.6125,-791.5261,
600460.SH,Ê¿À¼Î¢,2016-03-09,5.58,5.45,5.55,5.38,5.43,10178412,55515516,-0.15,-2.6882,5.4542,0.8161,6772122240,N/A,6772122240,1247168000,0,1247168000,169.8287,2.8197,3.5154,-770.2485,
600460.SH,Ê¿À¼Î¢,2016-03-10,5.43,5.46,5.52,5.28,5.32,10288764,55495175,-0.11,-2.0258,5.3938,0.825,6634933760,N/A,6634933760,1247168000,0,1247168000,166.3883,2.7626,3.4442,-754.645,
600460.SH,Ê¿À¼Î¢,2016-03-11,5.32,5.26,5.37,5.21,5.32,7456451,39402891,0,0,5.2844,0.5979,6634933760,N/A,6634933760,1247168000,0,1247168000,166.3883,2.7626,3.4442,-754.645,
600460.SH,Ê¿À¼Î¢,2016-03-14,5.32,5.37,5.62,5.37,5.53,18285724,101304102,0.21,3.9474,5.5401,1.4662,6896839040,N/A,6896839040,1247168000,0,1247168000,172.9563,2.8716,3.5801,-784.4336,
600460.SH,Ê¿À¼Î¢,2016-03-15,5.53,5.54,5.57,5.39,5.45,12508910,68616841,-0.08,-1.4467,5.4854,1.003,6797065600,N/A,6797065600,1247168000,0,1247168000,170.4542,2.8301,3.5283,-773.0856,
600460.SH,Ê¿À¼Î¢,2016-03-16,5.45,5.54,5.55,5.34,5.4,9000580,48918576,-0.05,-0.9174,5.435,0.7217,6734707200,N/A,6734707200,1247168000,0,1247168000,168.8904,2.8041,3.496,-765.993,
600460.SH,Ê¿À¼Î¢,2016-03-17,5.4,5.44,5.67,5.42,5.61,20526131,114122595,0.21,3.8889,5.5599,1.6458,6996612480,N/A,6996612480,1247168000,0,1247168000,175.4583,2.9132,3.6319,-795.7817,
600460.SH,Ê¿À¼Î¢,2016-03-18,5.61,5.63,5.93,5.61,5.84,27532805,159163688,0.23,4.0998,5.7809,2.2076,7283461120,N/A,7283461120,1247168000,0,1247168000,182.6518,3.0326,3.7808,-828.4073,
600460.SH,Ê¿À¼Î¢,2016-03-21,5.84,5.9,5.98,5.86,5.95,26417853,156286503,0.11,1.8836,5.9159,2.1182,7420649600,N/A,7420649600,1247168000,0,1247168000,186.0922,3.0897,3.8521,-844.0109,
600460.SH,Ê¿À¼Î¢,2016-03-22,5.95,5.93,6.19,5.9,6.04,29441579,179395912,0.09,1.5126,6.0933,2.3607,7532894720,N/A,7532894720,1247168000,0,1247168000,188.907,3.1364,3.9103,-856.7774,
600460.SH,Ê¿À¼Î¢,2016-03-23,6.04,5.99,6.06,5.9,6.05,19280959,115270687,0.01,0.1656,5.9785,1.546,7545366400,N/A,7545366400,1247168000,0,1247168000,189.2198,3.1416,3.9168,-858.1959,
600460.SH,Ê¿À¼Î¢,2016-03-24,6.05,5.97,5.98,5.86,5.87,16502029,97723323,-0.18,-2.9752,5.9219,1.3232,7320876160,N/A,7320876160,1247168000,0,1247168000,183.5901,3.0482,3.8003,-832.6628,
600460.SH,Ê¿À¼Î¢,2016-03-25,5.87,5.85,6.07,5.85,5.96,15401893,91809844,0.09,1.5332,5.9609,1.2349,7433121280,N/A,7433121280,1247168000,0,1247168000,186.4049,3.0949,3.8585,-845.4293,
600460.SH,Ê¿À¼Î¢,2016-03-28,5.96,5.95,6.12,5.91,5.94,19075368,114896988,-0.02,-0.3356,6.0233,1.5295,7408177920,N/A,7408177920,1247168000,0,1247168000,185.7794,3.0845,3.8456,-842.5923,
600460.SH,Ê¿À¼Î¢,2016-03-29,5.94,5.98,5.98,5.75,5.82,14867145,86931378,-0.12,-2.0202,5.8472,1.1921,7258517760,N/A,7258517760,1247168000,0,1247168000,182.0263,3.0222,3.7679,-825.5703,
600460.SH,Ê¿À¼Î¢,2016-03-30,5.82,5.88,6.06,5.86,6.05,18100121,108051411,0.23,3.9519,5.9697,1.4513,7545366400,N/A,7545366400,1247168000,0,1247168000,189.2198,3.1416,3.9168,-858.1959,
600460.SH,Ê¿À¼Î¢,2016-03-31,6.05,6.05,6.19,6.03,6.07,23189855,141849396,0.02,0.3306,6.1169,1.8594,7570309760,N/A,7570309760,1247168000,0,1247168000,189.8453,3.152,3.9297,-861.0329,
600460.SH,Ê¿À¼Î¢,2016-04-01,6.07,6.07,6.09,5.87,6.06,19317755,115889599,-0.01,-0.1647,5.9991,1.5489,7557838080,N/A,7557838080,1247168000,0,1247168000,189.5325,3.1468,3.9233,-859.6144,
600460.SH,Ê¿À¼Î¢,2016-04-05,6.06,6.03,6.25,6,6.23,27487216,169317039,0.17,2.8053,6.1598,2.204,7769856640,N/A,7769856640,1247168000,0,1247168000,194.8495,3.2351,4.0333,-883.729,
600460.SH,Ê¿À¼Î¢,2016-04-06,6.23,6.23,6.34,6.13,6.25,25418790,158720507,0.02,0.321,6.2442,2.0381,7794800000,N/A,7794800000,1247168000,0,1247168000,195.475,3.2455,4.0463,-886.566,
600460.SH,Ê¿À¼Î¢,2016-04-07,6.25,6.3,6.3,6.05,6.06,20348641,124963224,-0.19,-3.04,6.1411,1.6316,7557838080,N/A,7557838080,1247168000,0,1247168000,189.5325,3.1468,3.9233,-859.6144,
600460.SH,Ê¿À¼Î¢,2016-04-08,6.06,5.95,6,5.83,5.95,20367130,120561694,-0.11,-1.8152,5.9194,1.6331,7420649600,N/A,7420649600,1247168000,0,1247168000,186.0922,3.0897,3.8521,-844.0109,
600460.SH,Ê¿À¼Î¢,2016-04-11,5.95,5.99,6.12,5.95,6.03,20617392,124702210,0.08,1.3445,6.0484,1.6531,7520423040,N/A,7520423040,1247168000,0,1247168000,188.5943,3.1312,3.9038,-855.3589,
600460.SH,Ê¿À¼Î¢,2016-04-12,6.03,6.01,6.11,5.98,6.06,18344558,110789173,0.03,0.4975,6.0393,1.4709,7557838080,N/A,7557838080,1247168000,0,1247168000,189.5325,3.1468,3.9233,-859.6144,
600460.SH,Ê¿À¼Î¢,2016-04-13,6.06,6.08,6.23,6.07,6.14,24306984,149833050,0.08,1.3201,6.1642,1.949,7657611520,N/A,7657611520,1247168000,0,1247168000,192.0346,3.1884,3.9751,-870.9625,
600460.SH,Ê¿À¼Î¢,2016-04-14,6.14,6.18,6.19,6.09,6.18,16499497,101402116,0.04,0.6515,6.1458,1.323,7707498240,N/A,7707498240,1247168000,0,1247168000,193.2857,3.2091,4.001,-876.6365,
600460.SH,Ê¿À¼Î¢,2016-04-15,6.18,6.19,6.31,6.13,6.3,29604435,184122666,0.12,1.9417,6.2194,2.3737,7857158400,N/A,7857158400,1247168000,0,1247168000,197.0388,3.2715,4.0786,-893.6585,
600460.SH,Ê¿À¼Î¢,2016-04-18,6.3,6.4,6.52,6.19,6.22,48880012,310805702,-0.08,-1.2698,6.3585,3.9193,7757384960,N/A,7757384960,1247168000,0,1247168000,194.5367,3.2299,4.0269,-882.3105,
600460.SH,Ê¿À¼Î¢,2016-04-19,6.22,6.22,6.26,6.11,6.18,23538673,145003695,-0.04,-0.6431,6.1602,1.8874,7707498240,N/A,7707498240,1247168000,0,1247168000,193.2857,3.2091,4.001,-876.6365,
600460.SH,Ê¿À¼Î¢,2016-04-20,6.18,6.13,6.15,5.64,5.75,41849823,246484180,-0.43,-6.9579,5.8897,3.3556,7171216000,N/A,7171216000,1247168000,0,1247168000,179.837,2.9859,3.7226,-815.6407,
600460.SH,Ê¿À¼Î¢,2016-04-21,5.75,5.76,5.77,5.62,5.66,15921472,90776458,-0.09,-1.5652,5.7015,1.2766,7058970880,N/A,7058970880,1247168000,0,1247168000,177.0221,2.9391,3.6643,-802.8742,
600460.SH,Ê¿À¼Î¢,2016-04-22,5.66,5.63,5.82,5.57,5.77,13678981,77488537,0.11,1.9435,5.6648,1.0968,7196159360,N/A,7196159360,1247168000,0,1247168000,180.4625,2.9962,3.7355,-818.4777,
600460.SH,Ê¿À¼Î¢,2016-04-25,5.77,5.7,5.73,5.55,5.64,11802724,66525787,-0.13,-2.253,5.6365,0.9464,7034027520,N/A,7034027520,1247168000,0,1247168000,176.3966,2.9287,3.6514,-800.0372,
600460.SH,Ê¿À¼Î¢,2016-04-26,5.64,5.64,5.76,5.62,5.76,12386246,70492281,0.12,2.1277,5.6912,0.9931,7183687680,N/A,7183687680,1247168000,0,1247168000,180.1497,2.991,3.729,-817.0592,
600460.SH,Ê¿À¼Î¢,2016-04-27,5.76,5.75,5.78,5.65,5.68,10898305,62325796,-0.08,-1.3889,5.7189,0.8738,7083914240,N/A,7083914240,1247168000,0,1247168000,177.6477,2.9495,3.6773,-805.7112,
600460.SH,Ê¿À¼Î¢,2016-04-28,5.68,5.67,5.7,5.49,5.6,11700958,65306422,-0.08,-1.4085,5.5813,0.9382,6984140800,N/A,6984140800,1247168000,0,1247168000,175.1456,2.908,3.6255,-794.3632,
600460.SH,Ê¿À¼Î¢,2016-04-29,5.6,5.54,5.63,5.54,5.56,6624852,36948039,-0.04,-0.7143,5.5772,0.5312,6934254080,N/A,6934254080,1247168000,0,1247168000,173.8945,2.8872,3.5996,-788.6891,
600460.SH,Ê¿À¼Î¢,2016-05-03,5.56,5.59,5.75,5.54,5.74,12524301,71283892,0.18,3.2374,5.6916,1.0042,7158744320,N/A,7158744320,1247168000,0,1247168000,179.5242,2.9807,3.7161,-814.2222,
600460.SH,Ê¿À¼Î¢,2016-05-04,5.74,5.74,5.96,5.7,5.87,24341088,142481766,0.13,2.2648,5.8535,1.9517,7320876160,N/A,7320876160,1247168000,0,1247168000,183.5901,3.0482,3.8003,-832.6628,
600460.SH,Ê¿À¼Î¢,2016-05-05,5.87,5.85,5.87,5.69,5.82,20487100,118296155,-0.05,-0.8518,5.7742,1.6427,7258517760,N/A,7258517760,1247168000,0,1247168000,182.0263,3.0222,3.7679,-825.5703,
600460.SH,Ê¿À¼Î¢,2016-05-06,5.82,5.82,5.83,5.54,5.56,18864076,106897180,-0.26,-4.4674,5.6667,1.5126,6934254080,N/A,6934254080,1247168000,0,1247168000,173.8945,2.8872,3.5996,-788.6891,
600460.SH,Ê¿À¼Î¢,2016-05-09,5.56,5.51,5.53,5.22,5.27,21234312,113418592,-0.29,-5.2158,5.3413,1.7026,6572575360,N/A,6572575360,1247168000,0,1247168000,164.8245,2.7366,3.4118,-747.5524,
600460.SH,Ê¿À¼Î¢,2016-05-10,5.27,5.25,5.3,5.22,5.28,7718411,40652758,0.01,0.1898,5.267,0.6189,6585047040,N/A,6585047040,1247168000,0,1247168000,165.1373,2.7418,3.4183,-748.9709,
600460.SH,Ê¿À¼Î¢,2016-05-11,5.28,5.33,5.33,5.2,5.21,8842487,46586799,-0.07,-1.3258,5.2685,0.709,6497745280,N/A,6497745280,1247168000,0,1247168000,162.9479,2.7054,3.373,-739.0414,
600460.SH,Ê¿À¼Î¢,2016-05-12,5.21,5.15,5.17,5.01,5.15,12567567,64021941,-0.06,-1.1516,5.0942,1.0077,6422915200,N/A,6422915200,1247168000,0,1247168000,161.0714,2.6743,3.3341,-730.5304,
600460.SH,Ê¿À¼Î¢,2016-05-13,5.15,5.14,5.67,5.1,5.67,28848219,159897190,0.52,10.0971,5.5427,2.3131,7071442560,N/A,7071442560,1247168000,0,1247168000,177.3349,2.9443,3.6708,-804.2927,
600460.SH,Ê¿À¼Î¢,2016-05-16,5.67,5.69,6.1,5.56,5.99,86838601,509787891,0.32,5.6437,5.8705,6.9629,7470536320,N/A,7470536320,1247168000,0,1247168000,187.3432,3.1105,3.8779,-849.6849,
600460.SH,Ê¿À¼Î¢,2016-05-17,5.99,5.86,5.97,5.78,5.82,50629254,296768774,-0.17,-2.8381,5.8616,4.0595,7258517760,N/A,7258517760,1247168000,0,1247168000,182.0263,3.0222,3.7679,-825.5703,
600460.SH,Ê¿À¼Î¢,2016-05-18,5.82,5.72,5.78,5.33,5.5,38331784,213692326,-0.32,-5.4983,5.5748,3.0735,6859424000,N/A,6859424000,1247168000,0,1247168000,172.018,2.856,3.5607,-780.1781,
600460.SH,Ê¿À¼Î¢,2016-05-19,5.5,5.49,6.05,5.43,6.05,42811743,251134829,0.55,10,5.866,3.4327,7545366400,N/A,7545366400,1247168000,0,1247168000,189.2198,3.1416,3.9168,-858.1959,
600460.SH,Ê¿À¼Î¢,2016-05-20,6.05,6.25,6.66,6.14,6.66,92201329,591009605,0.61,10.0826,6.41,7.3929,8306138880,N/A,8306138880,1247168000,0,1247168000,208.2981,3.4584,4.3117,-944.7247,
600460.SH,Ê¿À¼Î¢,2016-05-23,6.66,7,7.19,6.78,6.86,156351758,1084611279,0.2,3.003,6.937,12.5365,8555572480,N/A,8555572480,1247168000,0,1247168000,214.5533,3.5622,4.4412,-973.0948,
600460.SH,Ê¿À¼Î¢,2016-05-24,6.86,6.78,7.1,6.75,7.07,115948675,799891210,0.21,3.0612,6.8987,9.297,8817477760,N/A,8817477760,1247168000,0,1247168000,221.1213,3.6713,4.5771,-1002.8835,
600460.SH,Ê¿À¼Î¢,2016-05-25,7.07,6.99,7.03,6.73,6.8,84929104,583373971,-0.27,-3.819,6.869,6.8098,8480742400,N/A,8480742400,1247168000,0,1247168000,212.6768,3.5311,4.4023,-964.5838,
600460.SH,Ê¿À¼Î¢,2016-05-26,6.8,6.8,7.03,6.68,7.01,98029649,675672039,0.21,3.0882,6.8925,7.8602,8742647680,N/A,8742647680,1247168000,0,1247168000,219.2447,3.6401,4.5383,-994.3724,
600460.SH,Ê¿À¼Î¢,2016-05-27,7.01,6.96,7.58,6.85,7.07,126651406,914216334,0.06,0.8559,7.2184,10.1551,8817477760,N/A,8817477760,1247168000,0,1247168000,221.1213,3.6713,4.5771,-1002.8835,
600460.SH,Ê¿À¼Î¢,2016-05-30,7.07,6.92,7.01,6.72,6.83,67915442,466258821,-0.24,-3.3946,6.8653,5.4456,8518157440,N/A,8518157440,1247168000,0,1247168000,213.6151,3.5467,4.4218,-968.8394,
600460.SH,Ê¿À¼Î¢,2016-05-31,6.83,6.8,7.27,6.77,7.21,85212012,601702995,0.38,5.5637,7.0612,6.8324,8992081280,N/A,8992081280,1247168000,0,1247168000,225.4999,3.744,4.6678,-1022.7426,
600460.SH,Ê¿À¼Î¢,2016-06-01,7.21,7.19,7.58,7.1,7.34,107960832,797926812,0.13,1.8031,7.3909,8.6565,9154213120,N/A,9154213120,1247168000,0,1247168000,229.5658,3.8115,4.7519,-1041.1831,
600460.SH,Ê¿À¼Î¢,2016-06-02,7.34,7.35,8.07,7.26,8.07,145929923,1151251560,0.73,9.9455,7.8891,11.7009,10064645760,N/A,10064645760,1247168000,0,1247168000,252.3973,4.1906,5.2245,-1144.734,
600460.SH,Ê¿À¼Î¢,2016-06-03,8.07,7.92,8.05,7.73,7.9,90562018,713991190,-0.17,-2.1066,7.884,7.2614,9852627200,N/A,9852627200,1247168000,0,1247168000,247.0804,4.1023,5.1145,-1120.6194,
600460.SH,Ê¿À¼Î¢,2016-06-06,7.9,7.88,7.89,7.61,7.81,88922764,688516891,-0.09,-1.1392,7.7429,7.13,9740382080,N/A,9740382080,1247168000,0,1247168000,244.2655,4.0556,5.0562,-1107.8529,
600460.SH,Ê¿À¼Î¢,2016-06-07,7.81,7.75,8,7.69,7.77,67039971,524462705,-0.04,-0.5122,7.8231,5.3754,9690495360,N/A,9690495360,1247168000,0,1247168000,243.0145,4.0348,5.0303,-1102.1788,
600460.SH,Ê¿À¼Î¢,2016-06-08,7.77,7.7,7.73,7.46,7.62,58342791,442920903,-0.15,-1.9305,7.5917,4.678,9503420160,N/A,9503420160,1247168000,0,1247168000,238.3231,3.9569,4.9332,-1080.9012,
